2.467034276869055276e+01
2.646563886164200952e+01
2.409308996818091941e+01
2.490118920410735726e+01
2.092865328007673398e+01
2.307237707082386535e+01
2.295643762906111007e+01
2.553406122082145657e+01
2.294918748773585193e+01
2.047754079034872987e+01
2.241068247130587565e+01
2.370858811155177293e+01
2.493439836309330104e+01
2.368121603974820744e+01
2.341463014924759989e+01
2.113135175397682630e+01
2.317258436933385113e+01
2.661764989342800192e+01
2.387642069248905230e+01
2.245920034885054406e+01
2.078761652998064946e+01
2.334217749784810181e+01
2.539081428997386425e+01
2.169924916774215973e+01
2.101810359019307128e+01
2.084867071055818855e+01
2.340291973496695022e+01
2.506360272727885885e+01
2.547748292640293855e+01
2.364920319998566001e+01
2.423792890951206047e+01
2.300312879500851437e+01
2.219336464786168506e+01
2.286791951249675137e+01
2.394870532737736468e+01
2.094400101407664394e+01
2.407375449635190279e+01
2.316211644609794007e+01
2.416032059597808868e+01
2.343195910081247035e+01
2.075293220509342618e+01
2.388543469717673773e+01
2.432569753385644873e+01
2.425205443751905676e+01
2.458010033479654766e+01
2.324940768015212811e+01
2.441761601885815836e+01
2.206296884595123942e+01
2.490506494041384755e+01
2.011233213273593989e+01
2.269457532365760954e+01
2.350947815148681030e+01
2.352064956555173936e+01
2.105267811604087314e+01
2.093820181498535149e+01
2.182984103263099840e+01
2.255563717348896802e+01
2.546775185975672784e+01
2.369168267141733963e+01
2.191180689245865310e+01
2.493582429150087520e+01
2.273282598454319725e+01
2.279325987584018165e+01
2.026310476253795656e+01
2.459166371761129000e+01
2.008639055495027392e+01
2.462484586040700307e+01
2.202277183928787352e+01
2.132523196527132825e+01
2.133889178500231409e+01
2.144910995990273861e+01
2.374938091035832954e+01
2.108184270881271161e+01
2.186904314708430519e+01
2.374322538295042762e+01
2.076946402495543609e+01
2.197024819146661301e+01
2.524243821122040643e+01
2.299280979835212690e+01
2.289334029121177139e+01
2.421035034570725841e+01
2.350689469702419032e+01
2.027936693027124448e+01
2.455930198973007705e+01
2.421660316533746737e+01
2.199975373502678266e+01
2.169443313505625426e+01
2.235112448554922437e+01
1.931788665256500792e+01
2.142022298936833380e+01
2.331023290953849525e+01
2.137044629274967988e+01
2.251895316476894138e+01
2.359255072208894077e+01
1.940284673483752442e+01
2.350662229322244912e+01
2.235665108301735060e+01
2.340589119400895868e+01
2.158499900213780620e+01
2.226302341782707117e+01
2.108419343472684204e+01
2.481758162273570889e+01
1.928214123366661426e+01
2.503630698813688937e+01
2.062899919989621722e+01
1.742792350290839209e+01
1.915473628500712167e+01
2.411156705519170629e+01
2.066069387152643344e+01
2.557140808705161561e+01
2.369303221335745135e+01
2.336222185404679408e+01
2.161615037434571462e+01
2.078083159083863762e+01
2.206197269468551170e+01
2.363507704452924685e+01
2.313677120592438641e+01
2.327359091709378092e+01
2.223392191883811719e+01
2.516793398983337582e+01
2.393300499798786873e+01
1.988493590228327079e+01
2.150269783222554665e+01
2.173921358480780341e+01
2.203685964576764178e+01
2.791800809668871253e+01
2.133415718955988538e+01
2.253911013267107677e+01
2.532951033947023234e+01
2.121758865970025454e+01
2.226359521763931681e+01
2.086842248413718082e+01
2.064472015759238488e+01
2.303360849849150682e+01
2.391856125178593828e+01
2.318769953516953208e+01
2.293058216903156676e+01
2.077033468836514984e+01
2.175852279666955269e+01
2.333673382168276689e+01
2.279013753511904028e+01
2.174929992005237622e+01
2.178843721449685589e+01
2.047452810302840476e+01
2.173253636699912050e+01
2.175121077675661851e+01
2.286848380900508815e+01
2.191564545269843123e+01
2.353871255829953668e+01
2.248413734037988476e+01
2.574435620400174329e+01
2.308708339207388249e+01
2.172738670075246503e+01
2.231867418920604607e+01
2.240740249001875384e+01
2.491415168122177448e+01
2.207391976389514809e+01
2.365841413192477916e+01
2.508363171491718191e+01
2.291465661228344430e+01
2.723242570461299294e+01
2.485901285814638229e+01
2.168560733351482739e+01
2.163027665558717061e+01
2.029796109516240321e+01
2.449558398669128678e+01
2.049219856973747511e+01
2.164997437780062484e+01
2.260272151468767632e+01
2.233711923084288031e+01
2.185095684187444576e+01
2.018905393739047938e+01
2.496173032019254734e+01
2.152213624676182491e+01
2.279253468935296567e+01
2.423523631776120979e+01
2.197125463400425716e+01
2.615183950412330915e+01
2.303383158355766369e+01
2.292650125479278245e+01
2.204883647568688332e+01
2.260238382959729009e+01
2.243764837408069468e+01
2.180557790146041341e+01
1.936280800048091777e+01
2.080093092803958044e+01
2.224692130168273607e+01
2.264162776296621971e+01
2.487603669973217180e+01
2.399384677620976802e+01
2.205349161671305325e+01
2.456593919927840375e+01
2.243830626979165288e+01
2.536456477383781660e+01
2.324043251543535504e+01
2.182841526074568606e+01
2.284529065343775045e+01
2.528210409440162110e+01
2.253663252732284761e+01
2.411324559251613664e+01
2.464776002678644318e+01
2.562676066081680304e+01
2.145890407752982654e+01
2.193378371492372025e+01
2.543693972055851305e+01
2.370735638059582584e+01
2.426298079862475632e+01
2.510294746066793437e+01
2.279017346072145855e+01
2.079482758358627947e+01
2.050239814649882319e+01
2.513652988152660583e+01
2.286506048471256491e+01
2.261217910649288854e+01
2.104132951340039526e+01
2.312932893278448176e+01
2.377560274237916715e+01
2.517781359329009661e+01
2.358497902243970756e+01
2.465325945222301840e+01
2.197324743807303449e+01
2.265496539117442509e+01
2.258673464239210915e+01
2.164645471538600674e+01
2.174162824446716158e+01
2.191049647352458862e+01
2.220991376166021780e+01
2.068499526626859009e+01
2.141278538450008995e+01
2.296565789898686205e+01
2.153029391317668484e+01
2.275623960860725248e+01
2.446570339833408525e+01
2.345700481587005015e+01
2.133691908101220136e+01
2.232571600506989640e+01
2.143809443355031163e+01
2.212553711991660421e+01
2.475209012265026587e+01
2.199895819423121424e+01
2.464680337749925343e+01
2.280725193426797759e+01
2.115585905897326668e+01
2.194136725837137902e+01
2.621383521884671453e+01
2.308227201451213872e+01
2.116119560190831805e+01
2.165368353700374016e+01
2.197525565577488749e+01
2.039029733260496613e+01
2.299070614886942465e+01
2.429927261798795612e+01
2.178824226828854194e+01
2.045907471478288997e+01
2.257193572698105655e+01
2.533425163518503709e+01
2.292108574038073954e+01
2.344563088731024436e+01
2.122654217403809085e+01
2.296830910400590042e+01
2.033941019509438419e+01
2.282132010134808908e+01
2.375667044616116641e+01
2.325793858653294066e+01
2.259841492189108436e+01
2.090431979005193952e+01
2.166404975495764162e+01
2.152124034449396461e+01
2.347374459739654640e+01
2.165857856876731802e+01
2.228460543576110808e+01
2.236504509315034284e+01
2.470795437919739612e+01
1.920587916371607662e+01
2.329436267790264736e+01
2.231028275984132847e+01
2.186742606452915538e+01
2.227476138714847664e+01
2.163064290994380912e+01
2.228497179679847662e+01
2.551239100339823906e+01
2.361452123127369873e+01
2.259981362110147529e+01
2.434522685479483428e+01
2.213056425948493100e+01
2.366631483681592485e+01
2.373537229846032304e+01
2.328247845927393911e+01
2.305196942029627394e+01
2.679562489665270419e+01
2.282720708341217630e+01
2.319390900567906755e+01
2.657788994238789115e+01
2.167882963050410083e+01
2.521717363439563897e+01
2.234947341390671127e+01
2.152922807301631991e+01
2.422947217963410438e+01
2.465145860238879649e+01
2.356361279053478341e+01
2.325427864325689953e+01
2.144138985111560203e+01
2.142858227925294301e+01
1.978408603066518978e+01
2.440760049613629690e+01
2.155544453463224741e+01
2.246186405418203691e+01
2.764779480000308709e+01
2.125228079949476978e+01
1.875685575719018416e+01
1.939188270764326916e+01
2.195044368274293589e+01
2.480811424219354322e+01
2.188443535326543454e+01
2.315748614016052898e+01
2.328953359580523141e+01
2.676239156811969977e+01
2.484694080675367900e+01
2.200810129514495372e+01
1.718329415372538449e+01
2.671561764031459774e+01
2.642069655904569103e+01
2.439670247678818171e+01
2.382389539879666529e+01
2.135411719787624563e+01
2.152274107315898988e+01
2.131318445986836707e+01
2.414387356921972128e+01
2.183239956686188066e+01
2.103037942059614451e+01
2.308695059713758013e+01
1.943096032635745374e+01
2.419831461213894030e+01
2.044076532807259028e+01
2.509240398352767087e+01
2.534151113309667736e+01
2.620296701100473413e+01
2.392149272631689172e+01
2.482977937947206115e+01
2.271272400058770913e+01
2.398857372183181980e+01
2.455740720499444052e+01
2.062300254210320460e+01
2.409529353587315370e+01
2.402807419597723992e+01
2.070665447418143756e+01
2.379271865762498805e+01
2.107819398991250637e+01
2.269311845259833404e+01
2.283974177120125404e+01
2.346095197463735360e+01
2.382961737640724209e+01
2.533431487649525593e+01
2.347920972860110567e+01
2.096203700439856021e+01
2.223316771304704176e+01
2.431967055471295325e+01
2.406491864865503771e+01
2.000494901642246148e+01
2.405696812227514059e+01
2.513062105271207258e+01
2.256425337323500102e+01
1.821304020077506181e+01
2.438049952521973651e+01
2.417242504328921626e+01
2.338551058326816801e+01
2.502272286604568663e+01
2.290526384556346073e+01
2.013081790848841024e+01
2.229660860915758747e+01
2.069377476568094565e+01
2.649897988706774044e+01
2.243221868437893463e+01
2.109237382923595661e+01
2.208013508181448614e+01
2.173492749360813647e+01
1.979839401582154323e+01
2.090838429954317590e+01
2.230289989382087867e+01
2.398156422316088765e+01
1.957103621146639938e+01
2.471606651619392991e+01
2.552222449442281516e+01
2.309487820822402782e+01
2.308870195840432871e+01
1.978117648274217899e+01
2.491747051731869789e+01
2.469236766453178333e+01
2.303395249671132916e+01
2.215579571999574071e+01
2.560170505722204837e+01
2.083843969274568764e+01
2.344585267743322632e+01
2.488884452093958188e+01
2.430030955128984971e+01
2.292913131840995788e+01
2.186594171145869581e+01
2.302409637751860672e+01
2.004878813889904166e+01
2.338896531314153648e+01
2.589846204755661319e+01
2.209086191858552439e+01
2.206877785819934701e+01
2.129802144978780021e+01
2.200677980702516834e+01
2.245580966789126975e+01
2.233950577866635712e+01
2.370578791275778130e+01
2.128091648155363558e+01
2.006012858854240477e+01
2.231025523174432124e+01
2.250480868605000495e+01
2.318003397209394123e+01
2.249510614434948863e+01
2.217428698180514246e+01
2.112650964420657118e+01
2.123059080545412414e+01
2.263430154760849788e+01
2.328974166915901023e+01
2.411871154986087618e+01
2.527836265988421971e+01
2.154248903432652185e+01
2.019770077125900087e+01
2.153031820952875108e+01
2.370306701738417487e+01
2.017608461604239167e+01
2.042034348401772448e+01
2.247911065596821345e+01
2.167665715103503032e+01
2.593424661261396835e+01
2.126711059157448247e+01
2.263588866084133500e+01
2.581993995181765911e+01
2.465201937668711452e+01
2.174153044844819149e+01
2.268975034352965281e+01
2.133612838568263825e+01
2.399526435174922412e+01
2.049385415743712002e+01
2.078999699218456243e+01
2.299762202460006222e+01
2.165876592184671878e+01
2.142948165915240111e+01
2.082813856082796278e+01
2.278444187679679800e+01
2.380691307531750667e+01
2.633202891264414802e+01
2.097171810369593814e+01
2.160486066176415321e+01
2.117133597581644722e+01
2.584002270296035420e+01
2.548259820032881962e+01
2.410979535526224637e+01
2.205159065035819310e+01
2.192950210377454923e+01
2.320041970472339798e+01
2.238054822652609488e+01
2.278553036484594330e+01
2.195340612067115060e+01
2.027608297284841754e+01
2.258950234509482513e+01
2.106668729415789088e+01
2.399514381055908174e+01
2.484229902355052033e+01
2.438624603729172335e+01
2.244417807210400539e+01
2.178249137891155840e+01
2.508508177029476727e+01
2.267005908721551677e+01
2.535567377695452862e+01
2.177926817016225414e+01
2.432323454135903873e+01
2.248775691789854392e+01
2.590469810138844409e+01
2.718993810644565912e+01
2.236304574600683992e+01
2.461602052529613971e+01
2.539442337803413707e+01
2.246334209331998011e+01
2.190798304947726649e+01
2.267623611531032068e+01
2.350728966937864683e+01
2.112199265652309776e+01
2.347753027890378519e+01
2.339746435177087847e+01
2.241016901738442968e+01
1.861148091831184814e+01
2.461651918485461721e+01
2.520946061056831766e+01
2.083484158409648757e+01
2.272608854420032642e+01
2.406574549155444132e+01
2.241346054718911063e+01
2.469076307799907966e+01
2.260362119763333766e+01
1.889890874385877950e+01
2.482858336139152655e+01
2.362074433907894289e+01
2.306656658780966751e+01
2.013684361667037948e+01
2.246749976840192176e+01
2.258505653824237314e+01
2.091489519675400643e+01
2.343092887853421402e+01
2.405844367208830192e+01
2.367539542729509350e+01
2.254362142042678840e+01
2.261474195175243906e+01
2.408021890571579249e+01
2.204251621846009002e+01
2.145056015560082585e+01
2.283578862375561158e+01
2.239878679698832897e+01
2.067293950692382509e+01
2.152939984251518979e+01
2.179509359627870424e+01
2.146355297983748756e+01
2.340535125620908374e+01
2.045378002915881055e+01
2.347479079373928457e+01
2.619015827542579444e+01
2.155450571664210457e+01
2.274612610456597750e+01
2.477887996663493553e+01
2.143939692449090018e+01
2.284430811582507559e+01
2.377538879471953948e+01
2.265195678867058859e+01
2.098680378511277667e+01
2.448173969081053514e+01
2.110986308926178623e+01
2.253003325285089531e+01
2.371584549576842704e+01
2.264811742876657519e+01
2.211259948425612620e+01
2.168246963137196914e+01
2.298591442766967319e+01
2.529099090270519667e+01
2.468514615866192941e+01
2.298231482367681622e+01
2.107470436047769269e+01
2.354034379060075821e+01
2.097851271743705581e+01
2.369632737577397208e+01
2.152129873744412336e+01
2.086767402305482477e+01
2.173166573661909595e+01
2.130968985042054342e+01
2.150773644412852548e+01
2.188730782927545349e+01
2.320830107502878192e+01
2.485779219278447627e+01
2.078201921785823814e+01
2.055029905670264156e+01
2.457088376944266273e+01
2.114956591907234440e+01
2.478575698069577626e+01
2.225005371208133553e+01
2.159867337102549811e+01
2.295527099902924917e+01
2.173735160416958223e+01
2.115791784502952311e+01
2.747498527988604877e+01
2.166628350808762349e+01
2.294871803185322889e+01
1.974530413743014989e+01
2.291376347929650237e+01
2.059143623678065538e+01
2.139259493555447378e+01
2.050503160252711510e+01
2.311451097083080697e+01
2.169829413250147709e+01
2.204419044915988124e+01
2.407540586054381748e+01
2.270690873091875872e+01
2.132518733749301632e+01
2.316120461980008827e+01
2.412926609388534871e+01
2.403057226674209801e+01
2.475156406383943164e+01
2.640696869449808659e+01
2.128952271166464527e+01
2.514068737812548804e+01
2.382985367016846112e+01
2.333622214141194107e+01
2.419807484643446571e+01
2.155670196370719438e+01
2.156062301494145217e+01
2.170520357393526467e+01
2.251466781077848012e+01
2.311835654915399374e+01
2.238466331971750023e+01
2.029685012688655021e+01
2.212393407643078547e+01
2.459338394011465567e+01
2.124730530601472722e+01
2.202861298316229011e+01
2.196938936445143398e+01
2.452363178915099340e+01
2.314843899199632560e+01
2.144071646468272618e+01
2.480889182748635591e+01
2.116338737800505854e+01
2.171060902984632790e+01
2.249706427344593251e+01
2.373981466321422218e+01
2.346482394106825353e+01
2.341112870179088645e+01
2.395499197320580720e+01
2.159398827904391283e+01
2.188764578108976977e+01
2.510773157051982096e+01
2.262130135508705564e+01
2.533012974705772891e+01
2.146015021396111422e+01
2.225445962564197089e+01
2.663478760975560888e+01
2.711874222324837902e+01
2.143831539366930627e+01
2.243688168263244975e+01
2.263209925585822546e+01
2.466616204358855313e+01
2.197302870404389452e+01
2.147014242080363644e+01
1.973969528457383404e+01
2.340167213611983144e+01
2.474620363007653623e+01
2.526093100648855128e+01
2.091280124708156052e+01
2.110470904965004024e+01
2.413242042094314144e+01
2.433367862183823149e+01
2.046816724546433264e+01
2.407381665671225335e+01
2.147170155071895081e+01
1.998017593146779447e+01
2.325668295345755610e+01
2.472442910571790620e+01
2.338330876063353614e+01
2.289794554670264048e+01
2.098521317994894986e+01
2.192482831011939481e+01
2.037186121465116884e+01
2.070703477937861692e+01
2.053268482904204006e+01
2.252421544956377275e+01
2.455080265276637164e+01
2.255179574966241063e+01
2.410009673280060127e+01
2.328590592406249016e+01
2.342048575509014796e+01
2.611184891992960999e+01
2.069133623816736289e+01
2.241520086656963429e+01
2.145074002349271325e+01
2.346950916679572074e+01
2.149753132277979617e+01
2.282741961963003163e+01
2.453702911103926709e+01
2.272530714477289493e+01
2.165577946847737678e+01
2.330250017141400676e+01
2.376260657654009734e+01
2.331663177970272827e+01
2.468005050179551318e+01
2.356346229938094439e+01
2.271614420219815145e+01
2.397321721442528641e+01
2.104621311296459751e+01
2.063208379316279562e+01
2.314320818272154057e+01
2.049871579284555168e+01
2.273872671728851458e+01
2.289341707503550083e+01
2.489850799956451866e+01
2.391324606844464284e+01
2.776569886828876932e+01
2.167334637961389632e+01
2.282256938628291465e+01
1.953628983952422260e+01
2.433914158918398840e+01
2.678739729248270152e+01
2.513644537428258730e+01
2.383975334048346539e+01
2.245337439334216967e+01
2.193241605051401777e+01
2.195748323063687479e+01
2.254832418951663087e+01
2.285166569601841857e+01
2.148748299185900024e+01
2.385607581245946562e+01
1.985491091277445719e+01
2.145662714348345901e+01
2.442346517009990237e+01
2.119070055992899526e+01
2.262908419533507498e+01
2.079150098380566902e+01
2.318876191819289545e+01
2.481155037050741896e+01
1.930426023080808662e+01
2.504146579724231358e+01
2.177811036906995312e+01
2.516137984893130763e+01
2.008275290843869598e+01
2.168736764359895020e+01
2.085258134146135234e+01
2.247801230420209961e+01
2.103252815779374885e+01
2.243759646647549744e+01
2.594093446001549452e+01
2.009170721850699692e+01
2.279665405638953857e+01
2.176443950648453551e+01
1.900450290769547479e+01
2.205360796180896799e+01
2.527823455098974037e+01
2.303981970919972255e+01
2.264712773070194984e+01
2.212645393793550141e+01
2.188971060431950377e+01
2.121979321547762609e+01
2.480480121313344455e+01
2.052010024551162104e+01
2.066477866813679043e+01
2.085183874724435071e+01
2.130823296540702927e+01
2.448270041842486933e+01
2.281800908228509783e+01
2.460191592685138318e+01
2.291585535035430254e+01
2.486137817038351372e+01
2.365659773200460236e+01
2.350509978510173781e+01
2.259293756514410134e+01
1.827806064208959569e+01
2.352951653418589473e+01
2.229411287749621806e+01
2.263331670585507993e+01
1.880619360605873425e+01
2.374851852813010922e+01
2.309216795846550596e+01
2.412653750623524118e+01
2.392948537410781285e+01
2.130931214126320938e+01
2.168061096242811203e+01
2.131645988521833246e+01
2.397804761181651756e+01
2.093195190434718711e+01
2.442324648360729356e+01
2.183163581649091967e+01
2.380997433018580267e+01
2.267387735770573443e+01
2.306537291489666330e+01
2.496434481522029714e+01
2.197374812107810271e+01
2.642834272753899683e+01
2.218823086790197863e+01
2.067502186622148841e+01
2.410279951383703789e+01
2.155602617253306619e+01
2.445391708151629473e+01
2.589779088344711866e+01
2.358667230782511481e+01
2.124103606845284631e+01
2.665270825861581017e+01
2.193774586892700640e+01
2.284941300752666749e+01
2.043928104687894276e+01
2.261908517905758842e+01
2.380814325823265776e+01
2.280798838843804432e+01
2.273328463637972519e+01
2.586896611220310049e+01
2.217369522944599680e+01
2.458957064435287876e+01
2.477552655732283071e+01
2.130194043858443465e+01
2.385044294293458478e+01
2.314330920107506628e+01
2.266408664874059298e+01
2.654058646443973402e+01
2.408720416574495005e+01
2.397892759873125001e+01
2.035197572275806976e+01
2.086968735036458256e+01
2.193597150139564889e+01
2.231690837128943983e+01
2.572199600281556897e+01
2.341827104862034759e+01
2.212650850171604944e+01
2.138186689307629607e+01
2.229219643167595422e+01
2.329014360719547128e+01
2.213454504430486480e+01
2.225185922012279960e+01
2.155032390186036650e+01
2.192538708408321213e+01
2.106552968303015305e+01
2.282005084154451779e+01
2.375724017838009061e+01
1.894499168486830598e+01
2.104145586523247147e+01
2.019927095339307144e+01
2.514042307554049671e+01
2.064148292176584576e+01
2.343260054860835595e+01
2.133354145816146641e+01
2.180431991577541240e+01
2.381648592805089137e+01
2.429994015977104382e+01
2.374343700067239382e+01
2.011167363371253813e+01
2.293417800708697030e+01
2.654972527453500675e+01
2.325759004316735812e+01
2.395031162272071867e+01
2.373091427299389977e+01
2.157867928392568757e+01
2.199377154929061007e+01
2.367194037705759158e+01
1.898307335308344790e+01
2.438956026903324670e+01
2.406378411124154226e+01
2.347892495431847948e+01
2.303921779575186335e+01
2.257719583285358311e+01
2.269037965790225186e+01
2.270176428324326778e+01
2.371916747996002783e+01
2.110001070391324163e+01
2.195012835047310418e+01
2.356527983888094724e+01
2.275657172285843188e+01
2.444157662332598235e+01
2.115429919676794768e+01
2.205366032547652466e+01
2.192538669406854623e+01
2.483399758629094833e+01
2.013732266239195923e+01
2.241258430938712465e+01
1.977450086916098471e+01
2.537982811551883344e+01
2.238718372164433035e+01
2.424171940483740428e+01
2.420339799026032779e+01
2.037867382111044634e+01
2.009041685063096239e+01
2.244755830459530088e+01
2.326133523221230348e+01
2.085919014327885890e+01
2.317114384972024865e+01
2.257827006596183494e+01
2.514424126931635683e+01
2.232999362203690552e+01
2.324996791600444368e+01
2.408880024188405145e+01
2.198327104994226033e+01
2.410014744358100103e+01
2.476144559028355729e+01
2.440221753232330926e+01
2.352277707151209896e+01
2.444291809125880732e+01
1.872498828478130051e+01
2.247850879094823995e+01
2.303579965316444955e+01
2.390851027917802440e+01
2.322625604697438817e+01
2.218299046334544045e+01
2.353570166923354634e+01
2.471884722805228662e+01
2.709145855330846331e+01
2.125640582776740928e+01
2.171127781961479997e+01
2.146565092459221091e+01
2.191086848773919016e+01
2.108912302354956481e+01
2.105096944022639605e+01
2.147262469719969502e+01
2.556814932060870049e+01
2.321481523676826697e+01
2.229736609898760591e+01
2.252086044740255488e+01
2.359032196378221613e+01
2.317146700716063634e+01
2.347450357670526344e+01
2.283104920649733671e+01
2.357671841033326743e+01
2.262094094850326798e+01
2.401726651507840060e+01
2.344673688257044120e+01
2.280917560675369060e+01
2.412996529531150358e+01
2.188527148111933585e+01
2.169158612929519592e+01
2.212480543638523045e+01
2.358876225952438332e+01
2.253939980938070420e+01
2.062973493828075888e+01
2.313100127771459569e+01
2.535359105950060155e+01
2.263329377569965928e+01
2.107889838530334359e+01
2.422348403690870811e+01
2.469412571884398844e+01
2.272441273854583699e+01
2.036500587564707132e+01
2.170540941573221616e+01
2.349571145177009868e+01
2.103947056790340397e+01
2.360926925460223558e+01
2.129264446707157177e+01
2.120308606092578785e+01
2.150593999886283214e+01
2.390206050495388723e+01
2.368082439760589963e+01
2.214867775091049396e+01
2.514996038267193512e+01
2.259691163223719101e+01
2.332442220591551063e+01
2.444188581488370104e+01
2.329833436528912216e+01
2.053940515157879432e+01
2.272145075838369976e+01
2.208934327460018920e+01
2.184581306375339693e+01
2.193609203627582716e+01
2.322899836087891856e+01
2.304310224580868294e+01
2.215035124524683852e+01
2.654528075406011922e+01
2.071849638380859560e+01
2.390557175605608009e+01
2.361764433347200765e+01
2.129518263498695774e+01
2.596510148066788304e+01
2.213615763670252079e+01
2.356331058168271397e+01
2.039240904332749693e+01
2.363105703715184092e+01
2.046972193307447441e+01
2.162772862107106775e+01
2.149919820146035221e+01
2.401772447107373409e+01
2.123718565333359365e+01
1.975857274389267815e+01
2.254681539229677156e+01
2.457913792192062274e+01
2.331970082271886824e+01
2.344510354509416317e+01
2.229346489185249069e+01
2.203677456977888127e+01
2.354490763252035279e+01
2.229512596272098790e+01
2.288181871064111661e+01
2.456607059791187453e+01
2.104947579106421784e+01
2.109677598036051904e+01
2.135417237076378427e+01
2.357067086115776533e+01
2.053570006929092528e+01
2.323808989743323750e+01
2.117565406255216587e+01
2.565904183575227293e+01
2.497102649673276531e+01
2.158608025609372305e+01
2.210479266651408281e+01
2.309780675034624053e+01
2.324709099325571060e+01
2.229328322421354969e+01
2.343395355059360696e+01
2.255403670084254131e+01
2.353464146545521984e+01
2.242587364948052553e+01
2.254088199251063784e+01
2.280077794544381220e+01
2.662930751702414156e+01
2.508454933341840487e+01
2.338524631761890404e+01
1.974819449225743284e+01
2.328741078307967527e+01
2.062149142739680130e+01
2.627616457268742778e+01
2.141717055644147294e+01
2.455437921553874148e+01
2.128576915462349817e+01
2.465353785540033726e+01
2.154341186151935972e+01
2.202306726717329965e+01
2.159048101352049898e+01
2.112165176558299251e+01
2.405629193109894004e+01
2.633246173114144284e+01
2.317471924301460362e+01
2.479804047743511219e+01
2.133256570877605895e+01
2.171242436358396688e+01
2.128790572313607043e+01
2.176978945580819058e+01
2.076557383271339319e+01
2.251008500616671171e+01
