2.453952295634991643e+01
2.633115567949701230e+01
2.401376564549450165e+01
2.480059788859618308e+01
2.091325238343572934e+01
2.298529490086556848e+01
2.290635152461091550e+01
2.539096545818825135e+01
2.284283710383093435e+01
2.046669042962240326e+01
2.233998850465246733e+01
2.365275275853114678e+01
2.479230127063736333e+01
2.357215589665420907e+01
2.326297627885628572e+01
2.113009228469471878e+01
2.313409318407044424e+01
2.640192365316382350e+01
2.376030306045449692e+01
2.228099533019324952e+01
2.075495326136403662e+01
2.328397022058404886e+01
2.519633224145897898e+01
2.163960637593648073e+01
2.096960357299271749e+01
2.081810734259592977e+01
2.324813742264181116e+01
2.493492578291013828e+01
2.537319018299251994e+01
2.353287190148981267e+01
2.413432575728525009e+01
2.288747657861883766e+01
2.207133304344267088e+01
2.273078454944301896e+01
2.383752637101261129e+01
2.093602212243158434e+01
2.388691125372276858e+01
2.301405114540968100e+01
2.411932770300702344e+01
2.327668456604369496e+01
2.067687238077582279e+01
2.381691285349657150e+01
2.420434632761481453e+01
2.414291898811435289e+01
2.442430098332551580e+01
2.312496600289367521e+01
2.431312426497606793e+01
2.203780445603703697e+01
2.483969306397753840e+01
2.000373717197151890e+01
2.262301072428623172e+01
2.348395601046754777e+01
2.341812207520769107e+01
2.100770154129392964e+01
2.085144952428728971e+01
2.179876234821555414e+01
2.255290041386011879e+01
2.536507395835778667e+01
2.362885496260918217e+01
2.183310849664709608e+01
2.482997386459248190e+01
2.264470178706675085e+01
2.267408807507412760e+01
2.023282501230756125e+01
2.451723136863324726e+01
2.008277052381052385e+01
2.450671757722408728e+01
2.200352154069707922e+01
2.131234990237566862e+01
2.132204513936720502e+01
2.143818345062056707e+01
2.371617233073870068e+01
2.100292181382144108e+01
2.191753882488363203e+01
2.358287450641478955e+01
2.073439773190368030e+01
2.190438654933506513e+01
2.502748925075378494e+01
2.287924365260066750e+01
2.283957819188004024e+01
2.418147371949428504e+01
2.344863089490881691e+01
2.032861716213781378e+01
2.443835384501972285e+01
2.412592258514520083e+01
2.183718274938013693e+01
2.171961228807409583e+01
2.224710779386182935e+01
1.933294871790372227e+01
2.130215593180538036e+01
2.325964483661772775e+01
2.129019284467840478e+01
2.244930200504794016e+01
2.342566519982856832e+01
1.940702681879551150e+01
2.342789422169956737e+01
2.228743989986979912e+01
2.329804996610369017e+01
2.152376496911399073e+01
2.218285467942680000e+01
2.103757485483836831e+01
2.472583712039156723e+01
1.927743797299976691e+01
2.493335145600752512e+01
2.059546048512413918e+01
1.752369453037271185e+01
1.918470382366948357e+01
2.399191837854361609e+01
2.065628464781679696e+01
2.550264131881510465e+01
2.363038620065520590e+01
2.329700200948317601e+01
2.145695590156237742e+01
2.071443610860398010e+01
2.201429999410711957e+01
2.352584333038915076e+01
2.308157079586896288e+01
2.313450305277724439e+01
2.220653099937646502e+01
2.497802383616254929e+01
2.396012786184391175e+01
1.991143480536706534e+01
2.149207852992227785e+01
2.172744263266934439e+01
2.200458933516298643e+01
2.770961140896880792e+01
2.123636337273507024e+01
2.249712446856993608e+01
2.517956743804580455e+01
2.107421308401297111e+01
2.223060185484227702e+01
2.091770264115800870e+01
2.060169268629125483e+01
2.300821985325728747e+01
2.386058518255360994e+01
2.318599256404400677e+01
2.285191773281534466e+01
2.068734327868367018e+01
2.172359681825246369e+01
2.324270169081759363e+01
2.271572929788195694e+01
2.173619513091561473e+01
2.169196143569059387e+01
2.043256692865835689e+01
2.166823640323924849e+01
2.170582540394413229e+01
2.276946538312657964e+01
2.181146765870610338e+01
2.338837645489805794e+01
2.247848908497651621e+01
2.559053320936939002e+01
2.302426726061327855e+01
2.164160904080772596e+01
2.227595003012947572e+01
2.238253717131372511e+01
2.483916509604311074e+01
2.197762794512004447e+01
2.355563879263996796e+01
2.493313895192155627e+01
2.283831446418795963e+01
2.708564125982685766e+01
2.473195326476154676e+01
2.160421286135383312e+01
2.155129103481846542e+01
2.019701769680181158e+01
2.445476322428655536e+01
2.047336948627742359e+01
2.161419822937279989e+01
2.247840657523308039e+01
2.233495574985992960e+01
2.177177274143226526e+01
2.015374831786971299e+01
2.485733910161037485e+01
2.147830078259285713e+01
2.271407099163432264e+01
2.411447572042990473e+01
2.196746018326273031e+01
2.601213659226791108e+01
2.291225771867217631e+01
2.293351260998490559e+01
2.196833859779926712e+01
2.251593488212150262e+01
2.234191353760708054e+01
2.177388858553991824e+01
1.938674319069462371e+01
2.079155024109394745e+01
2.220253099227120330e+01
2.264468791775267320e+01
2.469348366854483245e+01
2.387126518239372075e+01
2.192917766275741798e+01
2.450783980597795164e+01
2.238306896931850076e+01
2.523399645392411372e+01
2.319451968906027162e+01
2.176767058354120721e+01
2.277314475794393545e+01
2.519725870298167791e+01
2.247502327993192850e+01
2.400861216898108808e+01
2.457733625496568308e+01
2.546227867669520961e+01
2.143924475081278658e+01
2.192936626139334422e+01
2.522736945254091978e+01
2.366098074399210205e+01
2.419668478235836417e+01
2.501697316869570287e+01
2.270867475274209468e+01
2.076725190771581353e+01
2.046396727713930375e+01
2.503482225013211959e+01
2.279323979574575176e+01
2.255097374370884467e+01
2.099494594086281651e+01
2.296349245310534215e+01
2.380328523084921599e+01
2.509854096212821162e+01
2.349341591260166595e+01
2.445483613093649922e+01
2.188573944060189191e+01
2.259165885067576696e+01
2.253288564381288595e+01
2.152404365473632453e+01
2.163876782101954177e+01
2.189985224397412367e+01
2.217624217382406115e+01
2.064859378320065630e+01
2.133720446740217369e+01
2.281741435437429644e+01
2.152117079224949947e+01
2.267702173197630700e+01
2.434447835935960214e+01
2.332160884983379034e+01
2.130902126575316302e+01
2.227078341014899721e+01
2.138037054536344428e+01
2.208325971564833523e+01
2.466402866408893857e+01
2.197493932977664954e+01
2.456498713981184068e+01
2.275239327152541335e+01
2.117562949309125742e+01
2.193463358920897832e+01
2.605866292704201115e+01
2.303466808977836422e+01
2.106887943741815050e+01
2.165183943179093973e+01
2.189508910913986739e+01
2.033337421179203730e+01
2.285112755597763012e+01
2.420855255357952629e+01
2.170171488490218437e+01
2.038691156252416548e+01
2.250271235754631860e+01
2.520833045579737686e+01
2.288475409994454424e+01
2.328485270225622727e+01
2.116484204818677739e+01
2.286646963155931189e+01
2.028297693498070231e+01
2.263663113368035695e+01
2.367496180498454095e+01
2.319363325816616594e+01
2.250639701990273522e+01
2.080888843716200753e+01
2.162414968685865091e+01
2.146871214536292527e+01
2.343892583553833475e+01
2.155878090738426778e+01
2.212238232656294201e+01
2.224253755865249360e+01
2.454738238501488112e+01
1.922279264755963979e+01
2.322149156079435883e+01
2.230641358072656288e+01
2.171055338471513352e+01
2.213669937173146707e+01
2.154273483038004855e+01
2.216228777888137458e+01
2.533672644417512032e+01
2.363622881314514501e+01
2.257895511594796290e+01
2.429202994991957354e+01
2.205434442959533570e+01
2.363946227477111606e+01
2.360918110706453277e+01
2.318141126545599917e+01
2.304678205423147119e+01
2.665432659264791226e+01
2.276740386463426447e+01
2.314120019112392868e+01
2.647652053176503983e+01
2.161349468240862848e+01
2.507210845488407003e+01
2.223694079226017806e+01
2.148187803377990335e+01
2.405747732906371894e+01
2.452601513674985156e+01
2.347347835952544770e+01
2.311158317791816330e+01
2.132071989024652936e+01
2.140014679662884234e+01
1.972383809794346732e+01
2.439926947082917508e+01
2.150650580433659442e+01
2.237420127638338130e+01
2.752946445931704744e+01
2.126994775278804184e+01
1.883055399407000507e+01
1.935321397412654321e+01
2.188220330260324431e+01
2.465287864383595817e+01
2.182745760969617521e+01
2.305258489042910952e+01
2.320805527409961400e+01
2.667216300599510603e+01
2.477685320031590521e+01
2.201805973512689363e+01
1.728274603747900073e+01
2.659969233467198180e+01
2.621640037439967230e+01
2.430946756531929864e+01
2.379254349316925143e+01
2.126429860940634242e+01
2.150934010587621614e+01
2.134148237311989504e+01
2.407462882442101204e+01
2.180474551381472637e+01
2.095830122625565650e+01
2.305135413510470954e+01
1.932575729929512676e+01
2.410079113643940474e+01
2.039181477630796024e+01
2.494698919810279492e+01
2.527660378591576418e+01
2.602069769967124913e+01
2.381720539309761264e+01
2.476541347780330682e+01
2.266538538710265982e+01
2.393828109425456319e+01
2.443718356240327338e+01
2.055545880674124604e+01
2.397602078439197015e+01
2.388626690732554536e+01
2.075010748594528920e+01
2.367662940324045806e+01
2.105562568964391090e+01
2.260460191940810404e+01
2.281597664311387774e+01
2.342965667594021539e+01
2.377637678517788800e+01
2.517333719004571435e+01
2.345705749309172461e+01
2.095848814945944127e+01
2.218304098589884887e+01
2.421995141379863981e+01
2.389518375489301860e+01
1.994613544184833032e+01
2.389455411217660341e+01
2.507942191536722021e+01
2.245440544622642776e+01
1.827478272266930404e+01
2.429047606629113787e+01
2.407142263770744250e+01
2.333992739042032127e+01
2.488625123211272339e+01
2.282747320956970327e+01
2.005381044503447896e+01
2.229000076770174488e+01
2.069183648601741510e+01
2.635828629986781024e+01
2.236263433995238259e+01
2.104027946933088344e+01
2.198032070092254031e+01
2.170152392378789941e+01
1.982816264003861306e+01
2.082786938305491020e+01
2.216908086175328663e+01
2.391256296108445412e+01
1.968529256207862232e+01
2.448448488884158891e+01
2.534141426721270207e+01
2.299474349346158419e+01
2.308572973441843246e+01
1.977243316601789758e+01
2.473386573244310327e+01
2.451445775627873402e+01
2.299997858728450240e+01
2.205638654558656242e+01
2.547260953400173733e+01
2.080124167962932447e+01
2.334240698495134225e+01
2.478896147816371354e+01
2.415295528134089764e+01
2.281951804074249424e+01
2.184647626737275417e+01
2.296544091158542145e+01
1.999896481144802962e+01
2.334180891388910339e+01
2.581663489405653422e+01
2.204856402206115717e+01
2.195072152873892790e+01
2.123858127845916854e+01
2.192033771131340814e+01
2.242884691460610469e+01
2.224998051735056492e+01
2.360933366622062479e+01
2.125358076314586597e+01
1.996523041260232034e+01
2.225528879994410758e+01
2.242052458998432485e+01
2.311475552700164116e+01
2.243844794354580330e+01
2.206787899974576561e+01
2.102330700297151367e+01
2.112592361036444899e+01
2.261860142119000727e+01
2.321843625210350126e+01
2.393816885416518403e+01
2.517869985163341795e+01
2.142220555888442846e+01
2.023024484974393289e+01
2.158385226186901917e+01
2.355927450995178773e+01
2.019584075347578533e+01
2.042635593215987555e+01
2.243771258067378938e+01
2.156870160793641844e+01
2.577245203055277400e+01
2.122333252158444594e+01
2.251108811509987362e+01
2.562099402158781203e+01
2.454080002636360192e+01
2.169998595192020829e+01
2.261492917847946416e+01
2.125971081073912217e+01
2.386832087874587671e+01
2.043532651000247213e+01
2.078640639680635260e+01
2.289116041729822726e+01
2.165546311896521559e+01
2.140494753842845554e+01
2.076578463585370926e+01
2.268864091330306465e+01
2.368399548742063843e+01
2.616279445929774639e+01
2.103715946166825645e+01
2.156861234555253404e+01
2.101060657513188445e+01
2.563124471688236383e+01
2.535498250293310463e+01
2.398935897712279797e+01
2.200848302472586937e+01
2.184827064218591985e+01
2.314154936675548058e+01
2.230470620733562725e+01
2.267233080959083225e+01
2.188043922543011632e+01
2.023065681062850985e+01
2.250199302831744674e+01
2.108862927036221180e+01
2.395155455498008479e+01
2.478118689567240196e+01
2.419524284190018903e+01
2.238877030315673622e+01
2.170514164420156789e+01
2.498217445014104854e+01
2.256935116208152792e+01
2.524164617795472765e+01
2.168286002799392520e+01
2.415748522335969994e+01
2.243452495281541914e+01
2.573113814445973802e+01
2.698031117559891712e+01
2.225603525769539814e+01
2.452900739225144022e+01
2.534553896155428632e+01
2.238515447076385811e+01
2.177447617716663331e+01
2.264551401059985025e+01
2.337278239708290428e+01
2.109909676008905421e+01
2.335322500419780667e+01
2.323636167132984554e+01
2.237077592355702649e+01
1.864826777397936297e+01
2.447870090441490021e+01
2.507506156566219602e+01
2.078372878033685822e+01
2.266711114765178436e+01
2.398391371569737274e+01
2.237405906847646264e+01
2.456832447882288761e+01
2.255291272011744752e+01
1.888779183047012467e+01
2.468875331493424241e+01
2.346022101317605291e+01
2.291660004194482525e+01
2.018567119447375191e+01
2.231654016425977005e+01
2.251498460260777890e+01
2.090073736887759281e+01
2.341396106441857583e+01
2.395350243404116597e+01
2.357103562021566745e+01
2.245575414017320171e+01
2.249241332149273376e+01
2.406214660901603608e+01
2.187922542527200420e+01
2.149829126469050422e+01
2.287916997942558694e+01
2.232426695963122043e+01
2.053994007865167859e+01
2.148151491217019071e+01
2.175226518834285727e+01
2.133358868394888219e+01
2.320038326843584287e+01
2.041159181578960258e+01
2.346077576080686455e+01
2.612047514420633476e+01
2.147552969815789581e+01
2.269863231335058273e+01
2.470184816252251636e+01
2.134098356518521555e+01
2.277891253307744890e+01
2.373452768894247100e+01
2.263453967094230634e+01
2.094715468471608943e+01
2.447664441024157611e+01
2.110971086448602918e+01
2.239523289621079982e+01
2.361391549200883233e+01
2.263621343073671355e+01
2.206897950131122954e+01
2.170588808751602627e+01
2.294125538289335253e+01
2.511525894976059803e+01
2.459599386128369858e+01
2.290455528144899588e+01
2.098233725263716209e+01
2.352856214205325713e+01
2.096510998871009335e+01
2.369251719665103550e+01
2.145916244680698171e+01
2.084677580610181735e+01
2.166482578101658163e+01
2.131268627844020003e+01
2.151544642449331945e+01
2.183531067948808868e+01
2.314722891349865108e+01
2.477572441680673876e+01
2.071008943914246814e+01
2.053226897609047796e+01
2.456975952410217445e+01
2.112583383291406847e+01
2.467325441322908830e+01
2.216635880030379724e+01
2.149246078366990886e+01
2.285367525290866197e+01
2.169317836583947567e+01
2.114251317012938358e+01
2.726988924732187414e+01
2.154186704273050523e+01
2.281866630736455548e+01
1.967971691556249780e+01
2.288653034837901856e+01
2.057593500087294558e+01
2.135415917021927257e+01
2.049021462044007080e+01
2.303780380297292396e+01
2.168914845967561078e+01
2.195576606646840290e+01
2.397082863334841463e+01
2.266148743238288077e+01
2.124655063985085945e+01
2.312261346684611496e+01
2.408945062297162210e+01
2.389279710643721799e+01
2.468070964079499419e+01
2.624627685430459678e+01
2.125732481424731546e+01
2.496999107599028989e+01
2.380061621616846068e+01
2.322354758168036781e+01
2.408653552935206221e+01
2.147624608450939832e+01
2.155793802180952312e+01
2.164147890337522639e+01
2.245663410338156751e+01
2.307377388684799158e+01
2.235891243539722240e+01
2.031196657851445764e+01
2.201394327018513053e+01
2.450505822371644982e+01
2.124041097931968380e+01
2.189604954659693092e+01
2.186619497409334301e+01
2.430279238988365975e+01
2.310893404503410409e+01
2.138287009406464279e+01
2.465877345537709786e+01
2.110085658008609855e+01
2.167326121936073591e+01
2.240437620518783035e+01
2.364249707143039814e+01
2.343498281855062615e+01
2.336877832075310835e+01
2.398428452368882091e+01
2.160135343352137838e+01
2.188449006359318361e+01
2.505815929084509719e+01
2.256053800235639528e+01
2.518567601758888230e+01
2.142773557088547420e+01
2.222162123705989956e+01
2.651422221561102788e+01
2.691159695488987325e+01
2.137021497389301672e+01
2.236244754910171295e+01
2.261532780585647728e+01
2.458754984063652316e+01
2.184093536497940136e+01
2.148591983700284658e+01
1.977617894102169771e+01
2.333174018299494890e+01
2.457556455587410582e+01
2.521883011439186362e+01
2.092752213347279522e+01
2.095926366750766690e+01
2.407379649908155983e+01
2.428452919483451566e+01
2.044253486617139615e+01
2.392270506851308554e+01
2.147503993522725096e+01
2.007366202591704507e+01
2.323656210277299650e+01
2.461170677605515422e+01
2.325178742100025531e+01
2.279686755176710378e+01
2.095773201264310259e+01
2.182493118689189160e+01
2.031373047019730294e+01
2.064712462312039420e+01
2.037512235588202714e+01
2.252452248840975457e+01
2.441620493833097072e+01
2.262142162512757082e+01
2.405511752512105517e+01
2.316306122017348912e+01
2.338811625008287010e+01
2.590809323533523312e+01
2.060379997150259967e+01
2.237726725043983222e+01
2.134726069835591389e+01
2.339731730099155271e+01
2.144161086209939882e+01
2.279440009547818491e+01
2.445494933419080752e+01
2.263893604394696268e+01
2.170706906908257849e+01
2.317656630942020257e+01
2.370685544759255947e+01
2.320132000611966916e+01
2.447561580098119194e+01
2.354964449181630926e+01
2.261272621716721076e+01
2.383786242818835532e+01
2.099576616993472911e+01
2.055076602664644270e+01
2.320047771985082008e+01
2.043820764529057499e+01
2.264477903464668884e+01
2.278952764584381541e+01
2.478744080530991667e+01
2.381664389043633889e+01
2.757132202650528896e+01
2.168634268855283764e+01
2.270995080012882639e+01
1.949310732965056658e+01
2.414772663299880406e+01
2.661828237806534858e+01
2.505777836187406038e+01
2.378136069436343192e+01
2.234194509109201832e+01
2.185770531154794583e+01
2.193722800342392176e+01
2.245331834724856890e+01
2.281510365421545572e+01
2.147115705505433780e+01
2.375443124882094992e+01
1.982088023082086892e+01
2.143246882747414261e+01
2.437039057579543311e+01
2.120621764213310101e+01
2.252650238228556034e+01
2.073284419194281725e+01
2.311697680311909409e+01
2.471358586849202155e+01
1.935302753890156424e+01
2.498743568309005525e+01
2.173610921311856359e+01
2.503054304480997416e+01
2.004275738771377746e+01
2.165399829439254731e+01
2.080217201827814577e+01
2.236070941489060360e+01
2.102097721766385519e+01
2.233653648394460944e+01
2.577219539153070116e+01
2.009968645232765994e+01
2.270402388427332596e+01
2.180188669735624885e+01
1.897187274418221037e+01
2.192691003361505153e+01
2.520678004843222197e+01
2.290456246521327088e+01
2.262511835452558984e+01
2.205915674420253225e+01
2.183609513331830243e+01
2.121447449658600348e+01
2.467372888096337746e+01
2.052085780272396320e+01
2.060978454650546610e+01
2.077991735674400076e+01
2.127942494481856173e+01
2.434435990115843040e+01
2.280009077189987821e+01
2.453266491414593631e+01
2.286341726470898905e+01
2.466515940803386187e+01
2.356552743481179846e+01
2.341413450320261447e+01
2.252641805286513588e+01
1.829113649680928333e+01
2.341785883802596757e+01
2.222512478548381054e+01
2.261180554030028134e+01
1.874890248789277791e+01
2.362193326603417987e+01
2.301194570411908913e+01
2.398940430013066560e+01
2.383054406548620108e+01
2.119917329482205304e+01
2.174364243902374838e+01
2.128331876725845007e+01
2.392237647660398281e+01
2.088986553830494231e+01
2.427623213295736804e+01
2.170360323300070959e+01
2.373622579973043401e+01
2.264637339934196447e+01
2.302852876209714950e+01
2.484854823670804080e+01
2.196698225809195293e+01
2.631706422273965629e+01
2.218546548456335898e+01
2.068865268671074986e+01
2.397408527684396873e+01
2.154076800150562576e+01
2.435548022624723075e+01
2.582604936064060297e+01
2.345413183547160685e+01
2.121999192729199279e+01
2.642889360989242675e+01
2.185318356899889025e+01
2.278809905733433538e+01
2.035215761061663287e+01
2.262446933868211119e+01
2.373114252205134989e+01
2.271480395708403677e+01
2.261510016701116044e+01
2.568822265944332628e+01
2.198775088441268721e+01
2.455020448090388285e+01
2.471769915997045075e+01
2.123902677553222418e+01
2.373854556911397040e+01
2.306241310440597658e+01
2.258166649743168364e+01
2.642791132835272805e+01
2.394116125301063036e+01
2.391972773080305004e+01
2.028550848169907894e+01
2.089743044543862283e+01
2.182451566057722658e+01
2.228979044621848971e+01
2.556970035121074503e+01
2.326129691613645178e+01
2.212454888682236032e+01
2.131747253855159130e+01
2.220363386155669261e+01
2.324119209214266846e+01
2.208572241251283685e+01
2.218781853415490701e+01
2.157094763548145622e+01
2.182733262775169436e+01
2.101783679501739144e+01
2.272250197476194344e+01
2.365521005096753626e+01
1.901388068585718116e+01
2.096802739916928005e+01
2.014217523099331686e+01
2.507870005275244907e+01
2.062682601341760602e+01
2.339885638510451216e+01
2.124210245084759308e+01
2.179684489584376195e+01
2.365057290935822465e+01
2.429167382386098595e+01
2.360266569529605007e+01
2.010789122041818899e+01
2.282387806802458385e+01
2.637793065485023547e+01
2.313290526571598704e+01
2.383337939232751168e+01
2.361819920810970785e+01
2.147949720381508243e+01
2.200876516621304546e+01
2.350573464117832501e+01
1.895175770231668722e+01
2.424320102314801417e+01
2.393601784265886323e+01
2.334747488254584269e+01
2.292573284165352021e+01
2.255439659340985159e+01
2.257587902408779001e+01
2.260972170948079096e+01
2.360095687477667781e+01
2.105706211305182407e+01
2.193643983801604946e+01
2.351624619243464309e+01
2.275550628358135796e+01
2.424476591121339553e+01
2.105382285350884430e+01
2.192565796843138770e+01
2.195957997612346801e+01
2.471056988333766213e+01
2.008196554162433145e+01
2.237020612085003890e+01
1.972255763143166618e+01
2.532366805333438720e+01
2.238424007423445161e+01
2.412934977626111532e+01
2.405115531422328701e+01
2.034378817765877301e+01
2.000541248928900373e+01
2.244690120612507300e+01
2.314138014032160839e+01
2.088413664217601351e+01
2.305128718713021030e+01
2.252260557565253052e+01
2.500836410804956600e+01
2.226159917777019359e+01
2.311997860197034882e+01
2.395330855703699768e+01
2.196700621147282462e+01
2.403579424088657390e+01
2.464853639912153227e+01
2.431809888748863457e+01
2.340157447908736543e+01
2.432495381612387675e+01
1.874747835253793227e+01
2.238785795047930449e+01
2.294891306775042850e+01
2.383788013925502725e+01
2.318298449161136787e+01
2.205613485151395281e+01
2.339695016285290308e+01
2.453869291766387306e+01
2.689010202397694371e+01
2.120706614452756256e+01
2.160958549653098970e+01
2.144668474556490523e+01
2.185231974888677442e+01
2.107383136616721586e+01
2.098687539738608621e+01
2.149209451379080349e+01
2.548603547343922315e+01
2.320699436300626317e+01
2.227425765576038685e+01
2.243111327899966057e+01
2.353176353087308215e+01
2.316638869256313882e+01
2.336753166679005744e+01
2.281932652832955100e+01
2.350170655533931097e+01
2.245690939633190908e+01
2.384428594891600639e+01
2.334022987895378876e+01
2.268612169605729889e+01
2.399093626193920414e+01
2.174036762062231887e+01
2.158927822754975168e+01
2.205104483260130976e+01
2.357856614582552979e+01
2.247659904853117041e+01
2.056724275232850729e+01
2.302350248460854232e+01
2.537475663216833155e+01
2.263886900603657537e+01
2.100528839311283136e+01
2.417070288308866566e+01
2.459674972583133368e+01
2.264240543228915215e+01
2.033497876462457299e+01
2.164571647801720289e+01
2.334710427759801732e+01
2.095959633599101934e+01
2.345645906438304706e+01
2.123715911152968161e+01
2.119003956407422606e+01
2.138993521310630186e+01
2.382636025583988726e+01
2.358363293516560333e+01
2.210627380355390770e+01
2.500252481252437420e+01
2.264194042082652558e+01
2.324950320844396146e+01
2.437209590904890533e+01
2.322452300662962088e+01
2.056501812762036252e+01
2.264077459233017109e+01
2.200211476556221513e+01
2.183383081242486412e+01
2.189467589057019126e+01
2.311580728035264087e+01
2.290919945644546729e+01
2.208229374733108585e+01
2.641432807956751461e+01
2.067825423265840001e+01
2.370680754741293583e+01
2.348721943870764051e+01
2.126693493156149728e+01
2.583958106587883918e+01
2.206290807565306977e+01
2.341787897676869434e+01
2.038509433940196658e+01
2.349988697669709126e+01
2.031902349986729206e+01
2.152194437058135534e+01
2.145074048406216605e+01
2.387658127023011900e+01
2.119740157638452871e+01
1.969491254900279387e+01
2.253045171082389331e+01
2.447160419380063701e+01
2.318953443923775026e+01
2.335410887400684388e+01
2.221942302450545625e+01
2.201684547460768471e+01
2.349111344295457471e+01
2.228146110478906294e+01
2.284686327244104831e+01
2.441108051300365389e+01
2.098227156336260890e+01
2.096129060769730401e+01
2.132957989701299084e+01
2.343107274935342588e+01
2.056475401316362905e+01
2.317610898265705544e+01
2.107646293043280750e+01
2.544100910662968218e+01
2.481797702201858868e+01
2.148355858802711182e+01
2.211085712993437724e+01
2.315042819792842366e+01
2.322084332516593008e+01
2.221333747434062289e+01
2.339376655705110153e+01
2.254772238926353722e+01
2.343692812856206587e+01
2.234642137255515237e+01
2.246628541624417252e+01
2.276720460775453247e+01
2.655680872313363139e+01
2.491616301898582009e+01
2.329778585354844722e+01
1.970312178584239504e+01
2.321672280859449344e+01
2.055084073598116490e+01
2.611316722079964947e+01
2.138389212846112031e+01
2.451912636535712764e+01
2.125119781169955147e+01
2.453981535362669320e+01
2.142820320008644330e+01
2.200089908461002963e+01
2.150416386934704605e+01
2.115097116495864071e+01
2.390467989007307636e+01
2.626316678602588794e+01
2.313077874621834695e+01
2.469108845603651403e+01
2.128162791086700878e+01
2.163786721420723680e+01
2.125913886673499320e+01
2.176253874066871674e+01
2.075549906602842043e+01
2.249015630142932665e+01
