2.457235657039007393e+01
2.643326687048717005e+01
2.402922505807601539e+01
2.486790060935347668e+01
2.087188146335848771e+01
2.299626344058172478e+01
2.288582087610496885e+01
2.540592300447550755e+01
2.282947795672890479e+01
2.038455612270996653e+01
2.229383440380725645e+01
2.363894556400446589e+01
2.485997903310993706e+01
2.363358378099581358e+01
2.329510742845214111e+01
2.106101407142296367e+01
2.315840925228753733e+01
2.649860818101137028e+01
2.378769243682587842e+01
2.233351200030213235e+01
2.067977821290237017e+01
2.326073207488640193e+01
2.530887708035122685e+01
2.158615877176922737e+01
2.094847161212920028e+01
2.077670201048177390e+01
2.330045678172383816e+01
2.500434864017157111e+01
2.541193333738666027e+01
2.359138562721458854e+01
2.412887703435757913e+01
2.290230539551891553e+01
2.207450762115711029e+01
2.278605401837294409e+01
2.390191442892514218e+01
2.089173238320224968e+01
2.394419617665546340e+01
2.308740562286795139e+01
2.411631104975150919e+01
2.332779338739292285e+01
2.065850948750091831e+01
2.382663445472323716e+01
2.421550363323142463e+01
2.412286192207854185e+01
2.450919042192124309e+01
2.315133709081705859e+01
2.434082631257108531e+01
2.201152169079761478e+01
2.480777969915687109e+01
1.998842115066278069e+01
2.261109973337773837e+01
2.348165882278490102e+01
2.342758821983044726e+01
2.092698576186664283e+01
2.081169049628664069e+01
2.175310804841867451e+01
2.249603312801205135e+01
2.542140435557773159e+01
2.364721870005876170e+01
2.180057778161421567e+01
2.485532373900075953e+01
2.259951813643511898e+01
2.267318570597057814e+01
2.019013643590036722e+01
2.457157420599626008e+01
2.001984833268498676e+01
2.453543906241777606e+01
2.194260345116670408e+01
2.127571908669608192e+01
2.126482728973466152e+01
2.135065199175036099e+01
2.364797014521122165e+01
2.099997630033460183e+01
2.182622352019902934e+01
2.363031539022685124e+01
2.067811683135287737e+01
2.186326997584788501e+01
2.515910783473113455e+01
2.290242707238180842e+01
2.278429321041443245e+01
2.415473023023930921e+01
2.345382477638161234e+01
2.021463306722799302e+01
2.450701677011665680e+01
2.411412666692538664e+01
2.182652383070796631e+01
2.163834587712317159e+01
2.227257834021100535e+01
1.923413780930528816e+01
2.130088636169515226e+01
2.323618136206369300e+01
2.126697583744457987e+01
2.243513136826540233e+01
2.351322806057518733e+01
1.930437918568904720e+01
2.341315365157461059e+01
2.230756332987525425e+01
2.336420914324067866e+01
2.151127031946084855e+01
2.214864982226257695e+01
2.101530405088703901e+01
2.474307487181529552e+01
1.919408783511268979e+01
2.499923962863909921e+01
2.056380771565035559e+01
1.734487851062225516e+01
1.910399993893749127e+01
2.400662569596135043e+01
2.059716485104115691e+01
2.555614583237091608e+01
2.356581594865601659e+01
2.334581340562040452e+01
2.147436857807279509e+01
2.070708597444146193e+01
2.196667235419325337e+01
2.353648364682501537e+01
2.303548064767350567e+01
2.317676741644623206e+01
2.220720608558373854e+01
2.506937622326185533e+01
2.393309418201065952e+01
1.981514437802027828e+01
2.143885564633570340e+01
2.166000141446932048e+01
2.198403305522063178e+01
2.784314772569777219e+01
2.123812265273875255e+01
2.248219485892969871e+01
2.524153157563272387e+01
2.109342111819377408e+01
2.217323070124062312e+01
2.086236170657501177e+01
2.057393888085521994e+01
2.295212759858683071e+01
2.387082917169859186e+01
2.312655795682586657e+01
2.286272184736061419e+01
2.064682225929570691e+01
2.168971394474722558e+01
2.325150331009541560e+01
2.274526165144928314e+01
2.166048680371950041e+01
2.164972586750630867e+01
2.034287147053789724e+01
2.162081424677866437e+01
2.163300225819078904e+01
2.277799982354882147e+01
2.185557530958827499e+01
2.347712495063289850e+01
2.244172675785081239e+01
2.562480546473120668e+01
2.299419833879100494e+01
2.165950783309261141e+01
2.224698566956436707e+01
2.238937182122570491e+01
2.487967955309182244e+01
2.196064511442629907e+01
2.359616188955594751e+01
2.492736224070256057e+01
2.283077426314645564e+01
2.716970320022432972e+01
2.478624833076749567e+01
2.156058476874166985e+01
2.154899565763235358e+01
2.017442025762194291e+01
2.446761249929268800e+01
2.042252760016020119e+01
2.157231575199174856e+01
2.244533642183932898e+01
2.228057618498508674e+01
2.178816445185116280e+01
2.011357060540030872e+01
2.489044722815801336e+01
2.146927582492549291e+01
2.269647502595036670e+01
2.412817958606048308e+01
2.194418508518689848e+01
2.611122737331212917e+01
2.293177718840442836e+01
2.286449206245407595e+01
2.194454431942791572e+01
2.252959100269735515e+01
2.235153204705470742e+01
2.169787201354433748e+01
1.931259170269143155e+01
2.071620652738449309e+01
2.216578754174874888e+01
2.258908799512672516e+01
2.474481543865735134e+01
2.388771525163776133e+01
2.198024811458883576e+01
2.454145526355537399e+01
2.238647050064948019e+01
2.528128347497946748e+01
2.320973852171185925e+01
2.174614888617830388e+01
2.278041814607038518e+01
2.524411436659012153e+01
2.245463884379454100e+01
2.402541649486711606e+01
2.461302096682419460e+01
2.553648007154992428e+01
2.137935696205031277e+01
2.184908102823571596e+01
2.533215042049798882e+01
2.363532812389170701e+01
2.423271384256435113e+01
2.501638922954637678e+01
2.270561884468612135e+01
2.073396817651275370e+01
2.042570650111009911e+01
2.507371221792688942e+01
2.282121220062938960e+01
2.256624241694211364e+01
2.096834474038758955e+01
2.300863449470831057e+01
2.376345801922086309e+01
2.515126367173716204e+01
2.353143072941258396e+01
2.454943802553782817e+01
2.187487857959282778e+01
2.256538306283569284e+01
2.255204592167269695e+01
2.155213357927406292e+01
2.158751778647395980e+01
2.183008845227517014e+01
2.215167077109157390e+01
2.062355735812566948e+01
2.126460027017088095e+01
2.291197840056527824e+01
2.151017908104286036e+01
2.269706884304527250e+01
2.439588472743466241e+01
2.335310176279839922e+01
2.124545310293015277e+01
2.221700073082254789e+01
2.133153292696780312e+01
2.209484019067829763e+01
2.470004062488960273e+01
2.190486176138787400e+01
2.458093102787053041e+01
2.278919692281725773e+01
2.109595742522661155e+01
2.192961506579127828e+01
2.610082317547412600e+01
2.305745406614773430e+01
2.106321718003413679e+01
2.157353548649185271e+01
2.186880570063579654e+01
2.031773993675838952e+01
2.287347961607020252e+01
2.424394899272757442e+01
2.169530843664793096e+01
2.033575408604189505e+01
2.251135435317885580e+01
2.530750400744141615e+01
2.287639598203643132e+01
2.338442954552460762e+01
2.114663438020900443e+01
2.288153310067165336e+01
2.024973741770633495e+01
2.267035183611949023e+01
2.370363252669204712e+01
2.318580271317252439e+01
2.250178910046991376e+01
2.079185154811702319e+01
2.158097912333708734e+01
2.139424082474638311e+01
2.342974904158787552e+01
2.156574857475111529e+01
2.219625902538118822e+01
2.223747504319345580e+01
2.461191527605431517e+01
1.914307470257070065e+01
2.322670433889740949e+01
2.231634182237351283e+01
2.174796460664478204e+01
2.217112840356088554e+01
2.151658253367997631e+01
2.220479975164772668e+01
2.541250679822521619e+01
2.362663656628351561e+01
2.254928133707209525e+01
2.430308766636043316e+01
2.202437939715231963e+01
2.361741461012143972e+01
2.363054141177561718e+01
2.324228331615769960e+01
2.300919639564498098e+01
2.671327365021686973e+01
2.272295440107563991e+01
2.309867367848212538e+01
2.651663678130406154e+01
2.159224553155405246e+01
2.510316152881401663e+01
2.226354445878024890e+01
2.148908095117686656e+01
2.413603940362519396e+01
2.457375374636780307e+01
2.347232639756331096e+01
2.312482011989297348e+01
2.132439942394910659e+01
2.132091596384924870e+01
1.968191958265797226e+01
2.439645923014910167e+01
2.150609711498195153e+01
2.238771376492137222e+01
2.763893956545442521e+01
2.120903715991077476e+01
1.871493030569688898e+01
1.931514976347620660e+01
2.187135812174164329e+01
2.477564993841698282e+01
2.178104572478870082e+01
2.306715547996665450e+01
2.323146755711029954e+01
2.669102243165400523e+01
2.479606388041995046e+01
2.193252440123809777e+01
1.707249568714244958e+01
2.664725823904206692e+01
2.631226097679337528e+01
2.431362390654726369e+01
2.377608715138467232e+01
2.123003707788236127e+01
2.145015989138149237e+01
2.127942122446120976e+01
2.404101640619363067e+01
2.177558498890783767e+01
2.092390075134302663e+01
2.306409499186277756e+01
1.923038141309744731e+01
2.408140340440735727e+01
2.037162253859442274e+01
2.498618834557765211e+01
2.525178494180428856e+01
2.610860992198268704e+01
2.383927529287494806e+01
2.480025117254190192e+01
2.269785698165467380e+01
2.394952202802955199e+01
2.446329665988141855e+01
2.047906098862845070e+01
2.403651189065084282e+01
2.392412854033734604e+01
2.062973369637171928e+01
2.367601572460881698e+01
2.101853530310464535e+01
2.259124784574498079e+01
2.280714004561724551e+01
2.342288536060517501e+01
2.373284272700960784e+01
2.524510445251315005e+01
2.339736889800466457e+01
2.090395334022921148e+01
2.219200775331282571e+01
2.425960296639203406e+01
2.392876625242824673e+01
1.988335780342614001e+01
2.392423658972320766e+01
2.509247829514960415e+01
2.249109447660979200e+01
1.813403553937397206e+01
2.432144140182253977e+01
2.408366209290355187e+01
2.335354220382028956e+01
2.486958312663740500e+01
2.285294153065232692e+01
2.004119134260944435e+01
2.220173700039275388e+01
2.061356355898597315e+01
2.645091049398882177e+01
2.232726747236138465e+01
2.099785547174341005e+01
2.197215810772241085e+01
2.167069317153633534e+01
1.973438903230282193e+01
2.082203826185646278e+01
2.216237399922795248e+01
2.388282547673947676e+01
1.958776554288276728e+01
2.457604321716255313e+01
2.545755245183026361e+01
2.305095084191605537e+01
2.305937561403131397e+01
1.967219859002116777e+01
2.483732615288060686e+01
2.463982084512875304e+01
2.297974182778078145e+01
2.201320060330478867e+01
2.553203852929767947e+01
2.075428460768220162e+01
2.336481956126038639e+01
2.481736178027288631e+01
2.420554977622844817e+01
2.286564212305911425e+01
2.178123434803721281e+01
2.299823923490215449e+01
1.994954268687718013e+01
2.332321692028735427e+01
2.586170793321297623e+01
2.202543780394564621e+01
2.196049205505032376e+01
2.118479346898493887e+01
2.188669052879855670e+01
2.236982946650488202e+01
2.225451739818858954e+01
2.360424689770804108e+01
2.121351750322233443e+01
1.995646094918273761e+01
2.222076871173408108e+01
2.239049679153819028e+01
2.312747729762874016e+01
2.239382718282851314e+01
2.206893901057720342e+01
2.106165023553525373e+01
2.111858951566112808e+01
2.254640244573865715e+01
2.322529784164463607e+01
2.397423278799366386e+01
2.522014997315946516e+01
2.138611921225476920e+01
2.016296498721635189e+01
2.149659562794934686e+01
2.358764089942901165e+01
2.015158070817809843e+01
2.035416319280734498e+01
2.240421616874438371e+01
2.154630618427462707e+01
2.586970830929120524e+01
2.122114881718022872e+01
2.253658345306350697e+01
2.574778660761491622e+01
2.457164214219217158e+01
2.162936539655168033e+01
2.262457546937663366e+01
2.126287135647982751e+01
2.385152949896441399e+01
2.038556382111127974e+01
2.074426375135092826e+01
2.294645323478546572e+01
2.162652160752528019e+01
2.136798653163879180e+01
2.069194203823122180e+01
2.268355629448876343e+01
2.370220384125943625e+01
2.625179060399731767e+01
2.095689973423432306e+01
2.151345083460839547e+01
2.103343144867853454e+01
2.569668245394662875e+01
2.539038518922017929e+01
2.402575592425191076e+01
2.196102588618646934e+01
2.184610305175541001e+01
2.315306230528924658e+01
2.229895445428628875e+01
2.267297099799139914e+01
2.182573357624422172e+01
2.017046098314955671e+01
2.249612470509292805e+01
2.105084526444061410e+01
2.395568329903797888e+01
2.476000423149918817e+01
2.424795972292314516e+01
2.237989653870567608e+01
2.169133013905397078e+01
2.503228197947634115e+01
2.257382577996493112e+01
2.530899458557021475e+01
2.168745695923169947e+01
2.426879832048632224e+01
2.238654668024873473e+01
2.583309373537861475e+01
2.709246453301069124e+01
2.228475349065179145e+01
2.456376666847586776e+01
2.535778312412242386e+01
2.241010273453577639e+01
2.178979462974663761e+01
2.259410312988027769e+01
2.344265073287220957e+01
2.101541190547110105e+01
2.339396486705787481e+01
2.327995870359952590e+01
2.233427166577194356e+01
1.853539919602597763e+01
2.451115535572998994e+01
2.517845175256150370e+01
2.072470199719217021e+01
2.269529336349804183e+01
2.398313984874407723e+01
2.233941991289583839e+01
2.464430960633119128e+01
2.250079700653665427e+01
1.881093347482546463e+01
2.472223482697526720e+01
2.344347222983798673e+01
2.293114685664887631e+01
2.011061384780772698e+01
2.232388965901690625e+01
2.256624937884776116e+01
2.082656828270406635e+01
2.335904242107677575e+01
2.399066649202895718e+01
2.364117357779402084e+01
2.244729435909049542e+01
2.254169074855115085e+01
2.404548774773187247e+01
2.193282760183341296e+01
2.141313005342637155e+01
2.281751783367653630e+01
2.234077113693760097e+01
2.050833735852769024e+01
2.142758364737143850e+01
2.169221925782818516e+01
2.134363648880600195e+01
2.328228222313886064e+01
2.035387883704233047e+01
2.339766538010708530e+01
2.616359618953744004e+01
2.148596994865949128e+01
2.269980179532545606e+01
2.470466679658295561e+01
2.135968540933682647e+01
2.276940930425963927e+01
2.372433002985079753e+01
2.262051283652721523e+01
2.090561215208015611e+01
2.448487341901881464e+01
2.107662989648415675e+01
2.246012777709372088e+01
2.366293862264823744e+01
2.257755061579949185e+01
2.205840937930328494e+01
2.163660454892954377e+01
2.291622839262432976e+01
2.514441472214391027e+01
2.459524277341614962e+01
2.289730984260965840e+01
2.094312211074171159e+01
2.351475907442350177e+01
2.092255164798948286e+01
2.368052995564815788e+01
2.139788206144696048e+01
2.082819263124138942e+01
2.161901708980577652e+01
2.123711359122874853e+01
2.149013215966647294e+01
2.181960238819434039e+01
2.313259337532802107e+01
2.480834382673221583e+01
2.064511824328626233e+01
2.046747253726610438e+01
2.453598629274046772e+01
2.112501006367948264e+01
2.469827779235890475e+01
2.213465436524222696e+01
2.146596818394882433e+01
2.286573764784771967e+01
2.163021947942491252e+01
2.108225534212474273e+01
2.734987287414499946e+01
2.150515232318252501e+01
2.284321382285579816e+01
1.960333099550949854e+01
2.285257090340173036e+01
2.053967859764933124e+01
2.133055823930736494e+01
2.042661782395366998e+01
2.303203278155395495e+01
2.164604294508397686e+01
2.194301173818318773e+01
2.397636445460654642e+01
2.263055289762128908e+01
2.121839799753031031e+01
2.308175377876567325e+01
2.409407603411392529e+01
2.393019663032466937e+01
2.468583940606961136e+01
2.635520077620525825e+01
2.122959058111837649e+01
2.510181402616739987e+01
2.380623075602563077e+01
2.320296859281192070e+01
2.412801899452026433e+01
2.147331791413021662e+01
2.146858277245734570e+01
2.163439171749374523e+01
2.249887360241585554e+01
2.302944920467145451e+01
2.237105230351454921e+01
2.025508109319044436e+01
2.201541802071832876e+01
2.452150724834960371e+01
2.119118791503725063e+01
2.189451988091654044e+01
2.189242379366719859e+01
2.441064148050051230e+01
2.314100737817606657e+01
2.133596405710846611e+01
2.471930562636826423e+01
2.110877629254203924e+01
2.165924271377221544e+01
2.239300272442847373e+01
2.368768584444310221e+01
2.338942721134653269e+01
2.338464084143318544e+01
2.397217569056833497e+01
2.151354282988248556e+01
2.188457534365864277e+01
2.507771110965610362e+01
2.253304518456904759e+01
2.529264082819318915e+01
2.137784083284040193e+01
2.213319475807953651e+01
2.651286621371997398e+01
2.700727776752641063e+01
2.135472674356909550e+01
2.234803673649537359e+01
2.257518279468591160e+01
2.462913434212716624e+01
2.186187489310658094e+01
2.142074223179916359e+01
1.965108031471714156e+01
2.332644764867139386e+01
2.459958652985422844e+01
2.520355325021608905e+01
2.083350413381242916e+01
2.097874423756659468e+01
2.408084069314877240e+01
2.428043354470358750e+01
2.033536426186881840e+01
2.392045922975118799e+01
2.139136242374333818e+01
1.995962917019314276e+01
2.320683406343358968e+01
2.466069128850745074e+01
2.328188055763495257e+01
2.277755225688462914e+01
2.089192195882120728e+01
2.181333170365794771e+01
2.029746730016246303e+01
2.060034511899266718e+01
2.038947201770214335e+01
2.245759825292591216e+01
2.444766824943122785e+01
2.253511251108480806e+01
2.408310936168157923e+01
2.319226182721336471e+01
2.334177992159117210e+01
2.600288742581970780e+01
2.058286130962842719e+01
2.230829684012014269e+01
2.136594409403917183e+01
2.341055644204635655e+01
2.143870484685249167e+01
2.275919282127684085e+01
2.446046782094424543e+01
2.262549088263870800e+01
2.161650025091552152e+01
2.319528997700647110e+01
2.371250332727354149e+01
2.324104208829871965e+01
2.458376453618578594e+01
2.351471014668371495e+01
2.264197772605772485e+01
2.385630138443186965e+01
2.095572047674928129e+01
2.051506184134858302e+01
2.312647321833498282e+01
2.041195497689583505e+01
2.268048660058681421e+01
2.281180956214101840e+01
2.483538945229869199e+01
2.383466915073767467e+01
2.769481357440678337e+01
2.163901360412109653e+01
2.276989868981315723e+01
1.942886413965951320e+01
2.422384891975825738e+01
2.669126093244068443e+01
2.505437293679913680e+01
2.381277071106893217e+01
2.238498210214543960e+01
2.188856003428314878e+01
2.190836377438141369e+01
2.248712927086166502e+01
2.277389857265497497e+01
2.138456989689694510e+01
2.381178327677535833e+01
1.975326947166048441e+01
2.140444217488070322e+01
2.438662677171215876e+01
2.116458260433487482e+01
2.256899002863181991e+01
2.069987628070069619e+01
2.310920121112834735e+01
2.475948648255024409e+01
1.923631633830062881e+01
2.498582008976221402e+01
2.170557513379681680e+01
2.505051003406347121e+01
2.000231560127804897e+01
2.165551858066505986e+01
2.072054076427022551e+01
2.235273677170229689e+01
2.095084597025658724e+01
2.231308264334582248e+01
2.585913689533546034e+01
1.998721823106304285e+01
2.271579458868120938e+01
2.173202353689250188e+01
1.891184923693358400e+01
2.197408429653368600e+01
2.523333870242618815e+01
2.295935438438337073e+01
2.259951605303693256e+01
2.205064801076136760e+01
2.181134243094593117e+01
2.112558506802539071e+01
2.476189175141916365e+01
2.045405346198743857e+01
2.058444243159591380e+01
2.078109188892631565e+01
2.123512825418207584e+01
2.441588171636225368e+01
2.273358235754914602e+01
2.452916292169210521e+01
2.282601811076124676e+01
2.476699402326239507e+01
2.361288566882959117e+01
2.343493632694923079e+01
2.253161718923927381e+01
1.820140507487876391e+01
2.346054471752478321e+01
2.227946997250322525e+01
2.255139990665041694e+01
1.867606515532673583e+01
2.363478904973847960e+01
2.298857970416364793e+01
2.404737170082420761e+01
2.383498332895108973e+01
2.119942309460989804e+01
2.163630378344914362e+01
2.125860416819530130e+01
2.393402487864336692e+01
2.082236926464966942e+01
2.435088014341084772e+01
2.174712616112715935e+01
2.371777186112387881e+01
2.261451798297382965e+01
2.300931760210880128e+01
2.491485706858833282e+01
2.192511852974226727e+01
2.642239239698502118e+01
2.210243008741545623e+01
2.057513385832709218e+01
2.395072945561510736e+01
2.148908312715293789e+01
2.439578724808334442e+01
2.586691987956653094e+01
2.352680950186891096e+01
2.112916792545395595e+01
2.655265670680381263e+01
2.188089134980501882e+01
2.280919555261245435e+01
2.032814732311608097e+01
2.260438728009334852e+01
2.370775330412116944e+01
2.273404709857529582e+01
2.262877950992691467e+01
2.580633627209099146e+01
2.202976871118877611e+01
2.458382624717758347e+01
2.471861086898044491e+01
2.114835135759322071e+01
2.375876381364540890e+01
2.302979113811174727e+01
2.257982214425278045e+01
2.646696482643643833e+01
2.394731966212132690e+01
2.387271140498965138e+01
2.024817335634451254e+01
2.081606189013259467e+01
2.182889745824301286e+01
2.228983915427160412e+01
2.561179002106459279e+01
2.330642724091977769e+01
2.207358269389821359e+01
2.131251732515514874e+01
2.219266979469220047e+01
2.325967473043231593e+01
2.200134612342030138e+01
2.217833108078001558e+01
2.150614326826984524e+01
2.186379038229638994e+01
2.094447799125293841e+01
2.269845454073034574e+01
2.368357067999013665e+01
1.889627947097357108e+01
2.093381624995595658e+01
2.011247142035636770e+01
2.510254267152984653e+01
2.060139173715637284e+01
2.336741290779537294e+01
2.126441983601997165e+01
2.175725721565698478e+01
2.366972716529887677e+01
2.427114421888692775e+01
2.368521083871408450e+01
2.005490978911759470e+01
2.280320689980430870e+01
2.647775210612755004e+01
2.317436518196713635e+01
2.388404371736585219e+01
2.364129424555250836e+01
2.149925235489288511e+01
2.194078653085740171e+01
2.356469750194740698e+01
1.891777893623097029e+01
2.427387664671470446e+01
2.396384954742861240e+01
2.339637395825210575e+01
2.298001742603753073e+01
2.251565917757537960e+01
2.255986326607165182e+01
2.258135858636804727e+01
2.362711433057290122e+01
2.101522883050486712e+01
2.187886430194258836e+01
2.349438551066626957e+01
2.275835933228999863e+01
2.430148010936045111e+01
2.099764873722510217e+01
2.192255313049204446e+01
2.186406430777137189e+01
2.477216452585368955e+01
2.002945802562310362e+01
2.235249465862576201e+01
1.969525863676413735e+01
2.531463817918085368e+01
2.234574621274569139e+01
2.416352473783605959e+01
2.405225182794086436e+01
2.031196108927799671e+01
1.992492676699132303e+01
2.238368227107029540e+01
2.317829332383958985e+01
2.079219678955009343e+01
2.310242017013376170e+01
2.252216594625942747e+01
2.505489868339049053e+01
2.223070906760158394e+01
2.314283761576142240e+01
2.398345829788319605e+01
2.192842543890726859e+01
2.404193418675533778e+01
2.469419704326774578e+01
2.435364130618113876e+01
2.345558498435836725e+01
2.436522699700277172e+01
1.869248127478651611e+01
2.236949600760898349e+01
2.294867134024353916e+01
2.383498808383632905e+01
2.316594044844289968e+01
2.206714718516405682e+01
2.348030167039324567e+01
2.461047071174091272e+01
2.702801128002029429e+01
2.120547298365080024e+01
2.160892938759468151e+01
2.137591753912608183e+01
2.174338415697106086e+01
2.103386355365451266e+01
2.092886721033615416e+01
2.140903570187189331e+01
2.550840913027032641e+01
2.318339730349788397e+01
2.223240570501780766e+01
2.238881795456308055e+01
2.352151356715427610e+01
2.313655234390225246e+01
2.340923675603804810e+01
2.277812186910697534e+01
2.348113917460640820e+01
2.251143870788412826e+01
2.390626387334634373e+01
2.333468131401520296e+01
2.270167506577601557e+01
2.399590372030314711e+01
2.173927140710728168e+01
2.163722923498873740e+01
2.201716583111189607e+01
2.354332415946293011e+01
2.246111166395932202e+01
2.053561711539501644e+01
2.305168617438448919e+01
2.535407451448197236e+01
2.260736975515691682e+01
2.099039606032711447e+01
2.417811469837597471e+01
2.466263480776400030e+01
2.258185110007969243e+01
2.029538044809819652e+01
2.160268719851040586e+01
2.338133285367139180e+01
2.093905716184803012e+01
2.354049279929460425e+01
2.121182065005558215e+01
2.114097120362922766e+01
2.142270227198878629e+01
2.381791140972060816e+01
2.360774639789619300e+01
2.204814630514584906e+01
2.502379043399109548e+01
2.259427774103455988e+01
2.324809647429361803e+01
2.436173593936889858e+01
2.323165092455154124e+01
2.045609855279509404e+01
2.267197423679647983e+01
2.198576099283076957e+01
2.175255352264048625e+01
2.187933401700110281e+01
2.314409816805509124e+01
2.300254592752889593e+01
2.208693648151424682e+01
2.649572677265716791e+01
2.063677987480187426e+01
2.375985376029023044e+01
2.351402216865120209e+01
2.123072775502167175e+01
2.589855120430560120e+01
2.206325071447904307e+01
2.345541251708849373e+01
2.033105941497857216e+01
2.351685892260030286e+01
2.030884411927934963e+01
2.153745134817211593e+01
2.140927773947578672e+01
2.390779322880615254e+01
2.111863787853272711e+01
1.966291995348898070e+01
2.248798553618444984e+01
2.455363916321893925e+01
2.319669251312548752e+01
2.332962743187621157e+01
2.220028899373609121e+01
2.196088271050419038e+01
2.349220602102046129e+01
2.227198112776383354e+01
2.282469575959416730e+01
2.447961263902838169e+01
2.091984279850168349e+01
2.096752239492418468e+01
2.128633085910077938e+01
2.348936883594937441e+01
2.049177093422469298e+01
2.319980657501648125e+01
2.103508823918319237e+01
2.552832374334163745e+01
2.488400069589945929e+01
2.151580686362940398e+01
2.204236274929839468e+01
2.307757924667457772e+01
2.320986570913647284e+01
2.220022693828628491e+01
2.336830327088131654e+01
2.251479721634633790e+01
2.344887094755818069e+01
2.236866786538102048e+01
2.251051940704930487e+01
2.271491213098087414e+01
2.657910049913881778e+01
2.497710301735079952e+01
2.329413961469276018e+01
1.963890163483559093e+01
2.326357411866577962e+01
2.053798591427830189e+01
2.619303100505587523e+01
2.132642010816909917e+01
2.450377276853249597e+01
2.121598728512907783e+01
2.460535250006445906e+01
2.145437464650398951e+01
2.197909057264599042e+01
2.147687067674836214e+01
2.108363018352980589e+01
2.396807329098351502e+01
2.631969894959411249e+01
2.314686201411578281e+01
2.472294192951056502e+01
2.122935053044578879e+01
2.161651909273000527e+01
2.123092281065078524e+01
2.169530758228384215e+01
2.069527179017953600e+01
2.246113799261046395e+01
