2.457234171333734452e+01
2.643322931168450651e+01
2.402921118368942643e+01
2.486785746553010767e+01
2.087188779985824283e+01
2.299624473835180183e+01
2.288582145613475660e+01
2.540590990959028161e+01
2.282948386454832601e+01
2.038458980726379366e+01
2.229385577580855937e+01
2.363893663101523401e+01
2.485994449959173025e+01
2.363358235628273363e+01
2.329510078729564171e+01
2.106102228848642355e+01
2.315840906478868177e+01
2.649856868774275043e+01
2.378766625241681609e+01
2.233350292769620538e+01
2.067978855532646421e+01
2.326072314552956755e+01
2.530884191340810219e+01
2.158615175090790217e+01
2.094849107457709181e+01
2.077672777313763319e+01
2.330045515856458138e+01
2.500431038020727570e+01
2.541187273297591531e+01
2.359139479374661974e+01
2.412886211980168127e+01
2.290230631789605553e+01
2.207452293373488672e+01
2.278605259396065108e+01
2.390190522764251924e+01
2.089176081347974900e+01
2.394418100788958270e+01
2.308737020088609881e+01
2.411630415141642203e+01
2.332777921486833250e+01
2.065853413284457218e+01
2.382661447072694116e+01
2.421548872384031270e+01
2.412287223717134665e+01
2.450916309140498228e+01
2.315132243126711487e+01
2.434082389667077706e+01
2.201155064025565622e+01
2.480775434740845142e+01
1.998843136050027525e+01
2.261109506407266423e+01
2.348166488961716425e+01
2.342755673405968508e+01
2.092702674278159947e+01
2.081171077135228487e+01
2.175311717232989039e+01
2.249604326553336975e+01
2.542139312472395574e+01
2.364720613994005660e+01
2.180057935552634163e+01
2.485531307972752657e+01
2.259951833895698670e+01
2.267319782801889261e+01
2.019013565585888159e+01
2.457155158746271084e+01
2.001984893580223002e+01
2.453544696181613105e+01
2.194261789337419088e+01
2.127571362241585007e+01
2.126484310935827793e+01
2.135066255966732385e+01
2.364796368205855259e+01
2.100000394363871337e+01
2.182625796759910841e+01
2.363030739077310827e+01
2.067814963587606414e+01
2.186327808008366347e+01
2.515907819193293449e+01
2.290243348308990079e+01
2.278429767436354325e+01
2.415473489352614678e+01
2.345380858033044902e+01
2.021466051158661514e+01
2.450697968111923686e+01
2.411412421359979064e+01
2.182652156872848437e+01
2.163834928545851355e+01
2.227257135917068354e+01
1.923415385031694669e+01
2.130090225661729164e+01
2.323616918562839118e+01
2.126699579528300532e+01
2.243513559451353956e+01
2.351320875403217769e+01
1.930440490475020354e+01
2.341314198400001700e+01
2.230756019368184795e+01
2.336418668467334570e+01
2.151130395537805384e+01
2.214866839427972067e+01
2.101530038079435414e+01
2.474306042615646106e+01
1.919410873191113964e+01
2.499921406735248652e+01
2.056381491280081164e+01
1.734493106452675093e+01
1.910406178443594527e+01
2.400661109944844185e+01
2.059717068249340954e+01
2.555614536360533862e+01
2.356582437573936417e+01
2.334582940981863430e+01
2.147438872066709692e+01
2.070709222734906874e+01
2.196668534828387820e+01
2.353647682077490089e+01
2.303547167910361537e+01
2.317674123357155835e+01
2.220719619477655726e+01
2.506934819230920297e+01
2.393310130925972601e+01
1.981517462024408616e+01
2.143887343479083540e+01
2.166001002787578855e+01
2.198405815305001099e+01
2.784311924400073579e+01
2.123811941732552810e+01
2.248219972060944016e+01
2.524152119299087005e+01
2.109343846315358562e+01
2.217323902312472228e+01
2.086239136529709981e+01
2.057394681789848789e+01
2.295210777898866183e+01
2.387080427531369864e+01
2.312657056028722735e+01
2.286272675881461325e+01
2.064683308276000062e+01
2.168973167832661630e+01
2.325150196977089934e+01
2.274526795361473930e+01
2.166050080830037672e+01
2.164971992132715783e+01
2.034289891451344801e+01
2.162082186754141233e+01
2.163299655303292823e+01
2.277798805049435060e+01
2.185557255929359854e+01
2.347711591865352787e+01
2.244174427061559385e+01
2.562477634843915197e+01
2.299418761495387287e+01
2.165951384420622361e+01
2.224701119642005764e+01
2.238936875381172342e+01
2.487967342600014220e+01
2.196063035507397743e+01
2.359613106235739721e+01
2.492735979949839020e+01
2.283079711451407690e+01
2.716966426564347614e+01
2.478622499781546296e+01
2.156062320998731607e+01
2.154903899976141446e+01
2.017445865959665596e+01
2.446760103723770285e+01
2.042255592621739524e+01
2.157235967759104511e+01
2.244533965154868937e+01
2.228059004101913487e+01
2.178818898773910817e+01
2.011356180485759637e+01
2.489043907993266913e+01
2.146928760316367146e+01
2.269645920832323327e+01
2.412818345363938022e+01
2.194418712667508586e+01
2.611118439170256167e+01
2.293175587611730748e+01
2.286449992511203178e+01
2.194455221786467547e+01
2.252960530519331783e+01
2.235153289394730436e+01
2.169789973752905610e+01
1.931263442392380369e+01
2.071621003973660535e+01
2.216579255850996688e+01
2.258910585568213847e+01
2.474478133532390345e+01
2.388771298007785759e+01
2.198027730182367279e+01
2.454143140841431148e+01
2.238647894875304090e+01
2.528125299789395442e+01
2.320972841266771880e+01
2.174614938094654448e+01
2.278041768329926953e+01
2.524409257200150591e+01
2.245464764266572644e+01
2.402540665111220619e+01
2.461300014463315122e+01
2.553645769377825303e+01
2.137939455849588555e+01
2.184908769562578357e+01
2.533212859704749675e+01
2.363532494252738303e+01
2.423271444974533040e+01
2.501636507807700127e+01
2.270561187034057937e+01
2.073398860231654339e+01
2.042571803523614804e+01
2.507368085125332513e+01
2.282121418463449558e+01
2.256625974818568636e+01
2.096836636497459594e+01
2.300863887037586508e+01
2.376343777279476654e+01
2.515123066047407718e+01
2.353142967405909758e+01
2.454942171933118544e+01
2.187489781286346968e+01
2.256539386013845672e+01
2.255205957226366209e+01
2.155214367606321346e+01
2.158753227344743664e+01
2.183009586561274773e+01
2.215167231221854749e+01
2.062355604416174870e+01
2.126461989822040977e+01
2.291196179882333794e+01
2.151016751291905038e+01
2.269708784334640228e+01
2.439585909304400957e+01
2.335308847629503504e+01
2.124545631004889046e+01
2.221703011773009706e+01
2.133154610922632344e+01
2.209485327248386000e+01
2.470003849929175388e+01
2.190486597764405730e+01
2.458091130552775638e+01
2.278919331882708121e+01
2.109598438061029313e+01
2.192961660195823725e+01
2.610082204021775354e+01
2.305747302424350664e+01
2.106323060669961578e+01
2.157354103903653453e+01
2.186880603922401889e+01
2.031774740512220134e+01
2.287349045386033453e+01
2.424394314638970727e+01
2.169531014671100166e+01
2.033576834572254199e+01
2.251134294994437113e+01
2.530748079912003590e+01
2.287637626224540810e+01
2.338440392251168376e+01
2.114666630014742310e+01
2.288154232960693335e+01
2.024975753708746495e+01
2.267036139336773815e+01
2.370360613685288342e+01
2.318582021497805457e+01
2.250178908456208404e+01
2.079188938343967763e+01
2.158098582951322797e+01
2.139424438986674559e+01
2.342972417962647924e+01
2.156572444057534454e+01
2.219627624486680517e+01
2.223748857349233532e+01
2.461188553221883524e+01
1.914308955733100959e+01
2.322670654389592926e+01
2.231634861606755038e+01
2.174796350038695891e+01
2.217113556518430073e+01
2.151658919400077963e+01
2.220479814440195199e+01
2.541247515642809418e+01
2.362660646889371563e+01
2.254929364761668253e+01
2.430307249207773168e+01
2.202437944891761390e+01
2.361743133044393161e+01
2.363053802561103822e+01
2.324228439143335123e+01
2.300922615994400644e+01
2.671324765055882011e+01
2.272296125167461867e+01
2.309867075057575292e+01
2.651660664693311986e+01
2.159226039148978415e+01
2.510316277265005525e+01
2.226352598840243147e+01
2.148908718248568661e+01
2.413599858697526201e+01
2.457374690893768943e+01
2.347235314136060680e+01
2.312483361711160157e+01
2.132442738914462410e+01
2.132092499961363430e+01
1.968195633411196255e+01
2.439645014367983578e+01
2.150612462200816921e+01
2.238770627073329678e+01
2.763891058101026488e+01
2.120905097829962216e+01
1.871497794844866291e+01
1.931517949340865314e+01
2.187135538571085647e+01
2.477561701320522403e+01
2.178107774526845830e+01
2.306717340030965957e+01
2.323144512225778513e+01
2.669098852444875547e+01
2.479605288854754619e+01
2.193252222047734890e+01
1.707254059581290306e+01
2.664722955538577764e+01
2.631223248419455629e+01
2.431360758086543683e+01
2.377608915397415146e+01
2.123004426359123542e+01
2.145018686156130272e+01
2.127943650738450643e+01
2.404100084320324981e+01
2.177559259592396401e+01
2.092391206121268965e+01
2.306408167686372224e+01
1.923040980063135663e+01
2.408140868222523068e+01
2.037166214852285862e+01
2.498616576144767265e+01
2.525176412384431757e+01
2.610859027049338366e+01
2.383926259524751146e+01
2.480021804202606717e+01
2.269787069686833192e+01
2.394950619705208084e+01
2.446328135512899848e+01
2.047909035875264294e+01
2.403651338728642273e+01
2.392413078775799917e+01
2.062975140406368268e+01
2.367600990009095341e+01
2.101856965475842642e+01
2.259124585738304347e+01
2.280716370590040043e+01
2.342290143554512483e+01
2.373285685877802464e+01
2.524508052090656562e+01
2.339737188765911213e+01
2.090398706764734271e+01
2.219200847349616623e+01
2.425960744795662194e+01
2.392877951295634986e+01
1.988339741678523254e+01
2.392422881182910643e+01
2.509245789733146026e+01
2.249112133958009352e+01
1.813410300591498370e+01
2.432141362908009086e+01
2.408366204412704192e+01
2.335354153248834308e+01
2.486956705576883664e+01
2.285292668423586804e+01
2.004119600486778552e+01
2.220174108060011164e+01
2.061357802355030344e+01
2.645086757327792171e+01
2.232726465529461635e+01
2.099785341529951666e+01
2.197216294085270150e+01
2.167071419413363031e+01
1.973441563952970412e+01
2.082204039136856721e+01
2.216237836504975434e+01
2.388280839353541296e+01
1.958779663335015542e+01
2.457600975609548755e+01
2.545753289623598903e+01
2.305096006884970095e+01
2.305937112159146452e+01
1.967221708837160321e+01
2.483731724571091348e+01
2.463980123917365717e+01
2.297975580765764292e+01
2.201318896055661511e+01
2.553204796297323043e+01
2.075429983953552693e+01
2.336479625357653944e+01
2.481733326361250036e+01
2.420552311220340513e+01
2.286563834982258214e+01
2.178123322834857234e+01
2.299826197466036248e+01
1.994957754053410071e+01
2.332321999279790248e+01
2.586169523060578967e+01
2.202546258202772478e+01
2.196048172144695343e+01
2.118480637752489670e+01
2.188672690347349459e+01
2.236983943114615414e+01
2.225452132915355818e+01
2.360424218489245263e+01
2.121354492812439929e+01
1.995646329749084202e+01
2.222078524884149786e+01
2.239049885808054441e+01
2.312749396407073732e+01
2.239382082186276790e+01
2.206894002768082785e+01
2.106166495086034729e+01
2.111859174234836800e+01
2.254638894713859187e+01
2.322529910450468549e+01
2.397421746584796765e+01
2.522011654854912166e+01
2.138612349201185481e+01
2.016296388189252298e+01
2.149663228301078277e+01
2.358762610999835729e+01
2.015159093967827886e+01
2.035417520516251599e+01
2.240421817223001000e+01
2.154629102684667785e+01
2.586968072488507175e+01
2.122115978390165481e+01
2.253657243388206766e+01
2.574778439195435453e+01
2.457164066334483365e+01
2.162939217499044986e+01
2.262456349796916655e+01
2.126287246538036158e+01
2.385151912989217848e+01
2.038558810413821831e+01
2.074428782888783473e+01
2.294644661544847608e+01
2.162653365232724667e+01
2.136801716706750298e+01
2.069195861491350641e+01
2.268353645344834035e+01
2.370220999858945277e+01
2.625176223395897424e+01
2.095692493692195768e+01
2.151349146963234205e+01
2.103342352176148111e+01
2.569665149551599015e+01
2.539035401219380006e+01
2.402574381544789617e+01
2.196102444187863512e+01
2.184613668501043549e+01
2.315307108076367726e+01
2.229897423247160049e+01
2.267296864268588052e+01
2.182575257602735874e+01
2.017047639208549725e+01
2.249613414147149015e+01
2.105085093242549732e+01
2.395568625129906692e+01
2.475998390513791492e+01
2.424795158539691542e+01
2.237986577393166954e+01
2.169133636730509807e+01
2.503225538383002302e+01
2.257382139359570061e+01
2.530899466460764557e+01
2.168743985054227252e+01
2.426875255930210074e+01
2.238655458957307687e+01
2.583307424456895518e+01
2.709242391240190528e+01
2.228475909210486350e+01
2.456376243914643354e+01
2.535775763333981914e+01
2.241009262882172948e+01
2.178979465327364551e+01
2.259410546979840007e+01
2.344263290652997611e+01
2.101541995544466701e+01
2.339394520981398529e+01
2.327995489992472145e+01
2.233430518411989141e+01
1.853543161719592547e+01
2.451114860906968218e+01
2.517845039027622533e+01
2.072473133514451504e+01
2.269529333332475574e+01
2.398314285137800539e+01
2.233939713364342339e+01
2.464430407273085422e+01
2.250081411454148395e+01
1.881094182593400177e+01
2.472222568710371604e+01
2.344348559207234572e+01
2.293112633698368086e+01
2.011064870246934788e+01
2.232388356061244039e+01
2.256624910693135533e+01
2.082660480755469479e+01
2.335903728217542863e+01
2.399066061869694622e+01
2.364115950451438053e+01
2.244729929341802688e+01
2.254168167837136494e+01
2.404548248441939862e+01
2.193284607803160924e+01
2.141316474755920396e+01
2.281750195535251891e+01
2.234076841078299580e+01
2.050837853158664714e+01
2.142759778154225003e+01
2.169223041754473869e+01
2.134365179833312709e+01
2.328227883855795710e+01
2.035389298965577254e+01
2.339765569609070184e+01
2.616357008659537797e+01
2.148598595080063234e+01
2.269978338650626526e+01
2.470467135752806698e+01
2.135972000559334916e+01
2.276941669151765169e+01
2.372431686604762646e+01
2.262050723209348391e+01
2.090561354491633139e+01
2.448486169987957339e+01
2.107663328007574322e+01
2.246011131670568872e+01
2.366292808044248019e+01
2.257756339163791282e+01
2.205840932503043916e+01
2.163664680727227818e+01
2.291623061425637076e+01
2.514439690076313738e+01
2.459524878461094843e+01
2.289731167335961715e+01
2.094312620390038759e+01
2.351476143424159204e+01
2.092257154850171830e+01
2.368053435927730277e+01
2.139789361183231264e+01
2.082822168246062589e+01
2.161901968996913226e+01
2.123712331952524224e+01
2.149014728627442850e+01
2.181961099338568388e+01
2.313259148222680039e+01
2.480832781350091309e+01
2.064512515698586270e+01
2.046750148989947959e+01
2.453595883909265041e+01
2.112504385395164164e+01
2.469824645379611638e+01
2.213466313614340564e+01
2.146598239370931793e+01
2.286571575344729368e+01
2.163024816288489305e+01
2.108225487315235114e+01
2.734983140957895742e+01
2.150516575722312140e+01
2.284322110560110985e+01
1.960336129333502697e+01
2.285258993519082082e+01
2.053970207510223744e+01
2.133057449111539938e+01
2.042664665336685204e+01
2.303202690778312700e+01
2.164605174626519002e+01
2.194302101997471510e+01
2.397636391793226807e+01
2.263057609341751686e+01
2.121840588513604331e+01
2.308174848164450310e+01
2.409409273833368204e+01
2.393017933479395509e+01
2.468583894451079175e+01
2.635514068032151869e+01
2.122959819586717600e+01
2.510176704882956855e+01
2.380621737068345922e+01
2.320296462733950449e+01
2.412800505755518898e+01
2.147331944758112954e+01
2.146859114961918991e+01
2.163441793866574159e+01
2.249887737365260065e+01
2.302945675096376021e+01
2.237106472143376479e+01
2.025508848718277477e+01
2.201540553574933057e+01
2.452148610166113230e+01
2.119121621802965905e+01
2.189450950626847003e+01
2.189244937204660246e+01
2.441060246492549268e+01
2.314100550950186630e+01
2.133598063966433145e+01
2.471927454682764136e+01
2.110878798310490012e+01
2.165925692278759485e+01
2.239300796499464141e+01
2.368768850094907563e+01
2.338942810406800632e+01
2.338466899520797426e+01
2.397217327939110731e+01
2.151356077375855591e+01
2.188457473538865372e+01
2.507771747413659824e+01
2.253304945800282866e+01
2.529261801198492066e+01
2.137783988770669552e+01
2.213318761847008531e+01
2.651283105602890444e+01
2.700725174720019695e+01
2.135472475113910207e+01
2.234803886490168168e+01
2.257518780252582857e+01
2.462910472938084894e+01
2.186188572327430180e+01
2.142075528221019098e+01
1.965109841258117385e+01
2.332643478920985913e+01
2.459958391382098597e+01
2.520352257650677075e+01
2.083350912970002966e+01
2.097875450320660917e+01
2.408082913678135739e+01
2.428042296941197620e+01
2.033539415830250618e+01
2.392044548502874690e+01
2.139138115800057349e+01
1.995962672531719306e+01
2.320682294567226478e+01
2.466067490065664458e+01
2.328185595643979156e+01
2.277753552880257715e+01
2.089195160308312182e+01
2.181332703457227140e+01
2.029747814576965226e+01
2.060034497873816761e+01
2.038947324769440073e+01
2.245762477549785885e+01
2.444762784755013385e+01
2.253513161764529826e+01
2.408310557735752511e+01
2.319223687825653357e+01
2.334176884141395547e+01
2.600285882795664705e+01
2.058287379870716904e+01
2.230833290872272556e+01
2.136596479292153461e+01
2.341054748890044834e+01
2.143869937820675986e+01
2.275919247500920406e+01
2.446047287997295072e+01
2.262549756142148283e+01
2.161650060077827362e+01
2.319528191127517402e+01
2.371251230185497150e+01
2.324103835615053981e+01
2.458374971567753420e+01
2.351470579736940181e+01
2.264195221998138052e+01
2.385628369454304831e+01
2.095573305554754739e+01
2.051505220933029960e+01
2.312647443359687571e+01
2.041197050890822240e+01
2.268048262523642933e+01
2.281180858310470683e+01
2.483537030308889726e+01
2.383466627160073159e+01
2.769478021793023714e+01
2.163901936654286828e+01
2.276990867324149903e+01
1.942888874388313880e+01
2.422382647707666692e+01
2.669123329085423180e+01
2.505435490876074311e+01
2.381276418986321985e+01
2.238498442027738022e+01
2.188858043566858669e+01
2.190838977166174217e+01
2.248712052023303087e+01
2.277391508931025044e+01
2.138458666217263371e+01
2.381178195085755434e+01
1.975327201748194028e+01
2.140447759440316133e+01
2.438661934580296275e+01
2.116461521093659215e+01
2.256899962023924999e+01
2.069990889128489897e+01
2.310920597263466192e+01
2.475944366960454346e+01
1.923634799824634101e+01
2.498579959696036212e+01
2.170557515991741937e+01
2.505048955073590022e+01
2.000233760694032981e+01
2.165553947098501197e+01
2.072056649771434067e+01
2.235276000877728109e+01
2.095086582025813371e+01
2.231309884402775978e+01
2.585908550707304343e+01
1.998723151675652332e+01
2.271579421838411861e+01
2.173201822250119974e+01
1.891186803365446778e+01
2.197408114490604447e+01
2.523330556879016484e+01
2.295935668088117509e+01
2.259951984332570518e+01
2.205063721392180298e+01
2.181133477728718262e+01
2.112560457284434889e+01
2.476188189886735813e+01
2.045407910890828518e+01
2.058448913360565413e+01
2.078110915331092912e+01
2.123512998135118934e+01
2.441588418768450452e+01
2.273358675176340427e+01
2.452914184325485181e+01
2.282600292763848415e+01
2.476697587829647418e+01
2.361290432753827773e+01
2.343492994209480074e+01
2.253162886105425144e+01
1.820145055035396808e+01
2.346053276415885236e+01
2.227950480162528279e+01
2.255140137653190635e+01
1.867610068870957818e+01
2.363479687590463385e+01
2.298858018611534604e+01
2.404733887602078468e+01
2.383498155805337859e+01
2.119943720769021311e+01
2.163633561702344466e+01
2.125862309140985218e+01
2.393398349350190202e+01
2.082238779534416651e+01
2.435087785974798535e+01
2.174712815386385145e+01
2.371776964457173520e+01
2.261454687241203132e+01
2.300930854021517646e+01
2.491484669868861346e+01
2.192513187167887523e+01
2.642234792728291382e+01
2.210246071004415569e+01
2.057516499073470939e+01
2.395072155514482404e+01
2.148908649929036230e+01
2.439577095367817705e+01
2.586689995168526579e+01
2.352680106859921594e+01
2.112919952566488391e+01
2.655262540297216844e+01
2.188090955284427253e+01
2.280918987512376361e+01
2.032814582861862007e+01
2.260436803783617066e+01
2.370773308118592126e+01
2.273404076373570959e+01
2.262878916569162513e+01
2.580632272281131989e+01
2.202975506564819952e+01
2.458380797881799751e+01
2.471859791699700892e+01
2.114836544627536341e+01
2.375877422156960606e+01
2.302976624553399532e+01
2.257980881205361001e+01
2.646694230310611218e+01
2.394728284659494122e+01
2.387269858637211684e+01
2.024817755788381746e+01
2.081608753379635246e+01
2.182892452328558974e+01
2.228982216764849866e+01
2.561176406219544077e+01
2.330642657492035141e+01
2.207361184913385443e+01
2.131254286177917123e+01
2.219266826970379114e+01
2.325966888865449889e+01
2.200136288487266256e+01
2.217833422954172207e+01
2.150617367340156960e+01
2.186379870840400841e+01
2.094451379097120025e+01
2.269846462915912255e+01
2.368355892710301447e+01
1.889632820346750108e+01
2.093383808523090295e+01
2.011248738211693166e+01
2.510251461031833387e+01
2.060141573717871921e+01
2.336741644823552022e+01
2.126442717749043965e+01
2.175726405195873170e+01
2.366970532717114395e+01
2.427115158063914535e+01
2.368516676299552159e+01
2.005494529822304273e+01
2.280319877274589402e+01
2.647770920386855309e+01
2.317436305644663719e+01
2.388401853361967753e+01
2.364128777523284697e+01
2.149925734209601913e+01
2.194080342622599034e+01
2.356470086384569385e+01
1.891779948463011962e+01
2.427386165302372234e+01
2.396384400603229992e+01
2.339635177822487222e+01
2.298003729146410379e+01
2.251567003464116823e+01
2.255985704383333967e+01
2.258133770068550916e+01
2.362712575310840180e+01
2.101525838783693345e+01
2.187886569269229042e+01
2.349439183417273824e+01
2.275834783491227142e+01
2.430145083715223464e+01
2.099766770106067071e+01
2.192256225538689662e+01
2.186406968839580856e+01
2.477212104211775667e+01
2.002948557425198928e+01
2.235248872986786139e+01
1.969529783601912243e+01
2.531460989690924990e+01
2.234577033451923711e+01
2.416353217108868989e+01
2.405223639014428372e+01
2.031199545384078675e+01
1.992496479307098767e+01
2.238372464957160446e+01
2.317829823070102080e+01
2.079220950095115583e+01
2.310241208667677171e+01
2.252214315178993331e+01
2.505488818255183148e+01
2.223070065595223710e+01
2.314284788487310607e+01
2.398345167076392315e+01
2.192843818527790845e+01
2.404192587814647197e+01
2.469419345786775821e+01
2.435365785982681430e+01
2.345556836186203142e+01
2.436522080992175532e+01
1.869251092220110522e+01
2.236949105050897657e+01
2.294867158186641021e+01
2.383498666629088802e+01
2.316592873393090812e+01
2.206715282101556852e+01
2.348028512039964255e+01
2.461045397783520272e+01
2.702796980728086496e+01
2.120551211526882796e+01
2.160891212248456483e+01
2.137595359364634362e+01
2.174340479570239637e+01
2.103389084940915765e+01
2.092888301291122843e+01
2.140904366109781165e+01
2.550841200450178903e+01
2.318337711985639871e+01
2.223241323730952246e+01
2.238882695113244026e+01
2.352149730788972803e+01
2.313654665614759409e+01
2.340923727770588059e+01
2.277811201012434594e+01
2.348115137763164384e+01
2.251143389506072268e+01
2.390625869089684130e+01
2.333468494284284844e+01
2.270167340062678818e+01
2.399588306098699420e+01
2.173927921293065779e+01
2.163722500324248799e+01
2.201718891692163282e+01
2.354334691089943021e+01
2.246110832869615592e+01
2.053564011110893972e+01
2.305167821862092836e+01
2.535406200250856301e+01
2.260735809908688054e+01
2.099041970482812403e+01
2.417812671124055868e+01
2.466259714170983841e+01
2.258182909605019972e+01
2.029542032611739799e+01
2.160271414307183235e+01
2.338131847275187525e+01
2.093906014280340955e+01
2.354050069590452665e+01
2.121183969425067062e+01
2.114099480582384416e+01
2.142271374831831920e+01
2.381791423156950316e+01
2.360775424030716607e+01
2.204817455128660342e+01
2.502375163826944515e+01
2.259429953666821689e+01
2.324809080753281165e+01
2.436173574772636385e+01
2.323166151806987401e+01
2.045610597322827218e+01
2.267198014316130283e+01
2.198579531707517987e+01
2.175256726640212435e+01
2.187934124367119537e+01
2.314409032093120544e+01
2.300252997108689712e+01
2.208694485157553800e+01
2.649571339997062935e+01
2.063683164065244569e+01
2.375984412147599656e+01
2.351400988206505716e+01
2.123073847002032721e+01
2.589853176115020972e+01
2.206326767110503795e+01
2.345542041159898616e+01
2.033108094621522355e+01
2.351685591706845102e+01
2.030889317025475904e+01
2.153745877273680165e+01
2.140929374518825412e+01
2.390778242769186690e+01
2.111866281531014877e+01
1.966292515223930693e+01
2.248799759489522287e+01
2.455361213208788129e+01
2.319668865865849128e+01
2.332961507081309804e+01
2.220033226203655730e+01
2.196087881434827693e+01
2.349219363859830878e+01
2.227200259355881684e+01
2.282470997147963487e+01
2.447958389899375575e+01
2.091984577945092738e+01
2.096752477987952901e+01
2.128634533835378662e+01
2.348937186616720751e+01
2.049178157254224431e+01
2.319979886069788932e+01
2.103509295501728360e+01
2.552829701752934355e+01
2.488397157795094117e+01
2.151580567397902044e+01
2.204239128853838281e+01
2.307759575333509616e+01
2.320982481680952958e+01
2.220023126328521457e+01
2.336829178004127527e+01
2.251479744694617580e+01
2.344888579735172840e+01
2.236870474984800694e+01
2.251053019303263625e+01
2.271491096762212081e+01
2.657909213824892447e+01
2.497709935681240623e+01
2.329415028195756321e+01
1.963893475574265679e+01
2.326354221984638571e+01
2.053800961791461077e+01
2.619301673247487727e+01
2.132643401123635840e+01
2.450376392386052160e+01
2.121600359600662244e+01
2.460536307728122196e+01
2.145437375815922110e+01
2.197908415345983713e+01
2.147685307797208409e+01
2.108364515983331700e+01
2.396808457710792695e+01
2.631965822724314563e+01
2.314686153273111913e+01
2.472292644339527712e+01
2.122937966669895360e+01
2.161650764127077906e+01
2.123092831068627362e+01
2.169532745009215802e+01
2.069531164471083429e+01
2.246113313539980894e+01
