2.467034301102159688e+01
2.646563803019557426e+01
2.409309079391931263e+01
2.490118973364974408e+01
2.092865347124060094e+01
2.307237585287541748e+01
2.295643803498781566e+01
2.553406090351857216e+01
2.294918649696113633e+01
2.047754150607006807e+01
2.241068359345360861e+01
2.370858692676179302e+01
2.493439749761792967e+01
2.368121672480226181e+01
2.341462917043527270e+01
2.113135011758445359e+01
2.317258394050494985e+01
2.661765024800416768e+01
2.387641932693075475e+01
2.245919990897652241e+01
2.078761634669454850e+01
2.334217729524889506e+01
2.539081412022974504e+01
2.169924983110680117e+01
2.101810372240473157e+01
2.084867167073773331e+01
2.340292088589547603e+01
2.506360241496476604e+01
2.547748183691590640e+01
2.364920395588242741e+01
2.423792877545550084e+01
2.300312911958948803e+01
2.219336472230111923e+01
2.286791907974151883e+01
2.394870483063021638e+01
2.094400080944834386e+01
2.407375408096243419e+01
2.316211644953860471e+01
2.416032058727062548e+01
2.343196038395296199e+01
2.075293235375338341e+01
2.388543253674825806e+01
2.432569800474565014e+01
2.425205517831688695e+01
2.458010059753441823e+01
2.324940783377194720e+01
2.441761627295663217e+01
2.206297056134865286e+01
2.490506331022713482e+01
2.011233314174986120e+01
2.269457474147914411e+01
2.350947796663891509e+01
2.352064956336953472e+01
2.105267884125292355e+01
2.093820230321145104e+01
2.182984132342543049e+01
2.255563767685145393e+01
2.546775167596374700e+01
2.369168314505375861e+01
2.191180746646630695e+01
2.493582438494860298e+01
2.273282599059380971e+01
2.279326027218166928e+01
2.026310420696422199e+01
2.459166306716199557e+01
2.008638949761344250e+01
2.462484636498854940e+01
2.202277215094911256e+01
2.132523061318558177e+01
2.133889280184664727e+01
2.144910854230011310e+01
2.374938051686632434e+01
2.108184366557567913e+01
2.186904323273114770e+01
2.374322432232833080e+01
2.076946559309507734e+01
2.197024863844457698e+01
2.524243747649230230e+01
2.299281118295377979e+01
2.289333916496038768e+01
2.421035064030536432e+01
2.350689435006987082e+01
2.027936719505197161e+01
2.455930105557958854e+01
2.421660358517997125e+01
2.199975333507097019e+01
2.169443272627678709e+01
2.235112505580656617e+01
1.931788548155693164e+01
2.142022380308082319e+01
2.331023293818173414e+01
2.137044527690145657e+01
2.251895293604446735e+01
2.359254989565710048e+01
1.940284588213853922e+01
2.350662234893698255e+01
2.235665065328162271e+01
2.340589057304973508e+01
2.158499957805067382e+01
2.226302256098415100e+01
2.108419244354015731e+01
2.481758106020033594e+01
1.928214127343170503e+01
2.503630504346755359e+01
2.062900045349285350e+01
1.742792449149446909e+01
1.915473726804009047e+01
2.411156630725209027e+01
2.066069382607990690e+01
2.557140898022286635e+01
2.369303212678909887e+01
2.336222257134099678e+01
2.161615226601352191e+01
2.078083074615003056e+01
2.206197277939405765e+01
2.363507747851857488e+01
2.313676951412372063e+01
2.327359002778870689e+01
2.223392153480638456e+01
2.516793454611237379e+01
2.393300502386686901e+01
1.988493662798250838e+01
2.150269763331323958e+01
2.173921397321240789e+01
2.203685989110280730e+01
2.791800808158540192e+01
2.133415719305713409e+01
2.253910970073731335e+01
2.532951060114201169e+01
2.121758940368943058e+01
2.226359478476429032e+01
2.086842322067753130e+01
2.064472083600014685e+01
2.303360721670033229e+01
2.391855974405516250e+01
2.318769783565451092e+01
2.293058232943942798e+01
2.077033601091421033e+01
2.175852284471447717e+01
2.333673460007812395e+01
2.279013764915554674e+01
2.174930042639028471e+01
2.178843606983988579e+01
2.047452867655555409e+01
2.173253582386147542e+01
2.175121015130825697e+01
2.286848258051562510e+01
2.191564575431829098e+01
2.353871370421197895e+01
2.248413649504222178e+01
2.574435575520659469e+01
2.308708394122895413e+01
2.172738662026396028e+01
2.231867506287419545e+01
2.240740095907504070e+01
2.491415081294591261e+01
2.207391865790932428e+01
2.365841375365595667e+01
2.508363213486602561e+01
2.291465767606712944e+01
2.723242442707432787e+01
2.485901314295639253e+01
2.168560838569872828e+01
2.163027788600082246e+01
2.029796209336998203e+01
2.449558322342749861e+01
2.049219851129939940e+01
2.164997451994150168e+01
2.260272157834507567e+01
2.233711849103006131e+01
2.185095819461655253e+01
2.018905243416790540e+01
2.496172973952240426e+01
2.152213548829715606e+01
2.279253387670501851e+01
2.423523558111536147e+01
2.197125326802974143e+01
2.615183765321390297e+01
2.303383118091074522e+01
2.292650224098855105e+01
2.204883650377819748e+01
2.260238476274915342e+01
2.243764728940831077e+01
2.180557842372518706e+01
1.936280896343308555e+01
2.080093022249315027e+01
2.224692058323247323e+01
2.264162707825229859e+01
2.487603528122476959e+01
2.399384640767027932e+01
2.205349391874257137e+01
2.456593812571782109e+01
2.243830537521120760e+01
2.536456312178302142e+01
2.324043127583428259e+01
2.182841493488697893e+01
2.284529080289892988e+01
2.528210364634097829e+01
2.253663252016163199e+01
2.411324551455077270e+01
2.464775953817041554e+01
2.562675912853943316e+01
2.145890599031030632e+01
2.193378349370646774e+01
2.543694054641974134e+01
2.370735516938911402e+01
2.426298019134975448e+01
2.510294723869848710e+01
2.279017417153297487e+01
2.079482785022118918e+01
2.050239818477486153e+01
2.513652939878698689e+01
2.286506156596055916e+01
2.261217902626603049e+01
2.104133018275971168e+01
2.312932931004375448e+01
2.377560070213347387e+01
2.517781336424210181e+01
2.358497803107342605e+01
2.465325977543600899e+01
2.197324693287900033e+01
2.265496478484690712e+01
2.258673460484087059e+01
2.164645615753994434e+01
2.174162814088466433e+01
2.191049434817480090e+01
2.220991413463882935e+01
2.068499560916795943e+01
2.141278448082653441e+01
2.296565816776593394e+01
2.153029259148644314e+01
2.275624108591956229e+01
2.446570149160111995e+01
2.345700464680696484e+01
2.133691913999095391e+01
2.232571746765431797e+01
2.143809505832552631e+01
2.212553770522692886e+01
2.475209097348158238e+01
2.199895688719478315e+01
2.464680268733678048e+01
2.280725216988376403e+01
2.115585900665482910e+01
2.194136746263814786e+01
2.621383609571926598e+01
2.308227350075526374e+01
2.116119495873110878e+01
2.165368302353915198e+01
2.197525680441446738e+01
2.039029649392729127e+01
2.299070788026156009e+01
2.429927249633609421e+01
2.178824304861903727e+01
2.045907372203415875e+01
2.257193521921411161e+01
2.533425205007586456e+01
2.292108566039675921e+01
2.344563230883579408e+01
2.122654424144925756e+01
2.296830944701170907e+01
2.033941048830142506e+01
2.282132155027954923e+01
2.375666946128346169e+01
2.325793829840046456e+01
2.259841500538062320e+01
2.090432114360743299e+01
2.166404862526862019e+01
2.152124041690755973e+01
2.347374418492839965e+01
2.165857646390858449e+01
2.228460501382860670e+01
2.236504607748534923e+01
2.470795395979276421e+01
1.920587810504666137e+01
2.329436270113789931e+01
2.231028080692050963e+01
2.186742594543444795e+01
2.227476138603972800e+01
2.163064317987627305e+01
2.228497151368850027e+01
2.551239023205526735e+01
2.361451976478517523e+01
2.259981404918904246e+01
2.434522639141752620e+01
2.213056296469568096e+01
2.366631440280248810e+01
2.373537282126569181e+01
2.328247840349855480e+01
2.305196891996446240e+01
2.679562475068932415e+01
2.282720653856031490e+01
2.319390822546143482e+01
2.657788752952536981e+01
2.167882962697078497e+01
2.521717318976111599e+01
2.234947361724812254e+01
2.152922892182543890e+01
2.422947215729071146e+01
2.465145852332607745e+01
2.356361311711749451e+01
2.325427977113845301e+01
2.144139029497505078e+01
2.142858260823582839e+01
1.978408681600639341e+01
2.440759959981004457e+01
2.155544529319335822e+01
2.246186345384959893e+01
2.764779399946880645e+01
2.125228071735029189e+01
1.875685628532781379e+01
1.939188382279246525e+01
2.195044408076589804e+01
2.480811446230894646e+01
2.188443505861193472e+01
2.315748811809398333e+01
2.328953347747652458e+01
2.676239147391560635e+01
2.484694025407857154e+01
2.200810035794835429e+01
1.718329306790257860e+01
2.671561662611267707e+01
2.642069679297704710e+01
2.439670140596716053e+01
2.382389502030798312e+01
2.135411722767144838e+01
2.152274119108189510e+01
2.131318642839411481e+01
2.414387415461344233e+01
2.183240004095215880e+01
2.103037981225471853e+01
2.308694932941233091e+01
1.943096062861982176e+01
2.419831595472207297e+01
2.044076587036033033e+01
2.509240374062838441e+01
2.534151010712631447e+01
2.620296696799860925e+01
2.392149250360144208e+01
2.482977894870889202e+01
2.271272420768853806e+01
2.398857257304130997e+01
2.455740675676719320e+01
2.062300161959819889e+01
2.409529378503483343e+01
2.402807480230093873e+01
2.070665495251538246e+01
2.379271785073710177e+01
2.107819526637234020e+01
2.269311778133279844e+01
2.283974361148482046e+01
2.346095182396101819e+01
2.382961769443005196e+01
2.533431459784395656e+01
2.347920946358368610e+01
2.096203715024067193e+01
2.223316723822431840e+01
2.431967105034883758e+01
2.406492042585784930e+01
2.000495043637126713e+01
2.405696908907016152e+01
2.513061985705631329e+01
2.256425437455277105e+01
1.821304083733677004e+01
2.438049889894944044e+01
2.417242483953957333e+01
2.338551067074753576e+01
2.502272305938047481e+01
2.290526305293968790e+01
2.013081688075342868e+01
2.229660766432841612e+01
2.069377349185621640e+01
2.649897981167889682e+01
2.243221889728051011e+01
2.109237285352067914e+01
2.208013569497836315e+01
2.173492829258709591e+01
1.979839469770956484e+01
2.090838459142193884e+01
2.230289881676561592e+01
2.398156278723059032e+01
1.957103501724057182e+01
2.471606651988569681e+01
2.552222422661377621e+01
2.309487969329510904e+01
2.308870244072709710e+01
1.978117617526397609e+01
2.491747135533574919e+01
2.469236724007227224e+01
2.303395298362030275e+01
2.215579467762273680e+01
2.560170703073606191e+01
2.083843892894176264e+01
2.344585250763799067e+01
2.488884264204045138e+01
2.430030900336365463e+01
2.292913215809569749e+01
2.186594070894971509e+01
2.302409732332618120e+01
2.004878853832456898e+01
2.338896525349612787e+01
2.589846249635757047e+01
2.209086258158846050e+01
2.206877783826809747e+01
2.129802177486027048e+01
2.200678091914368650e+01
2.245581073304026631e+01
2.233950592725999229e+01
2.370578793190608380e+01
2.128091738308311065e+01
2.006012826207075861e+01
2.231025464252410373e+01
2.250480948917508428e+01
2.318003440911509827e+01
2.249510682530008410e+01
2.217428717868635601e+01
2.112651101476367188e+01
2.123059087172396175e+01
2.263430041409771221e+01
2.328974137018804313e+01
2.411871210217814721e+01
2.527836073431582875e+01
2.154248749897562476e+01
2.019769996631280762e+01
2.153031714085877013e+01
2.370306740725197514e+01
2.017608429028176786e+01
2.042034324189360817e+01
2.247910983811057406e+01
2.167665606274362133e+01
2.593424707716824784e+01
2.126711065208487383e+01
2.263588692432699290e+01
2.581994120319430053e+01
2.465201973928150636e+01
2.174153180604561086e+01
2.268974987689886902e+01
2.133612923394945327e+01
2.399526328650713225e+01
2.049385465837301368e+01
2.078999738732212066e+01
2.299762208381357809e+01
2.165876558326337431e+01
2.142948281219386786e+01
2.082813867434701649e+01
2.278444034363621284e+01
2.380691318531442491e+01
2.633202822226430584e+01
2.097171823794399614e+01
2.160486209086843346e+01
2.117133567078199263e+01
2.584002194217811521e+01
2.548259823053533424e+01
2.410979537985263832e+01
2.205159029208030219e+01
2.192950267632310002e+01
2.320041989319749476e+01
2.238054769572476133e+01
2.278553091478553938e+01
2.195340690240717407e+01
2.027608277489527566e+01
2.258950220045446144e+01
2.106668665709374011e+01
2.399514499082161478e+01
2.484229888500157912e+01
2.438624674324264063e+01
2.244417765016008559e+01
2.178249100052382659e+01
2.508508149680583443e+01
2.267005970933374215e+01
2.535567418716195576e+01
2.177926694829269039e+01
2.432323326244672757e+01
2.248775554468148385e+01
2.590469764292236832e+01
2.718993774251434559e+01
2.236304605165966564e+01
2.461602147568859422e+01
2.539442204950551840e+01
2.246334114103268931e+01
2.190798344050448065e+01
2.267623523018567511e+01
2.350728870347456123e+01
2.112199126879592370e+01
2.347753082899078336e+01
2.339746464924540348e+01
2.241016993672115376e+01
1.861148110398931266e+01
2.461652027075918170e+01
2.520946161077593217e+01
2.083484329964296577e+01
2.272608898902343100e+01
2.406574538994073009e+01
2.241345903454195110e+01
2.469076286345390869e+01
2.260362070725669525e+01
1.889890779952954958e+01
2.482858380265000164e+01
2.362074531075977291e+01
2.306656650694563027e+01
2.013684353631773405e+01
2.246749835196494871e+01
2.258505611881956909e+01
2.091489586691184144e+01
2.343092817508982861e+01
2.405844364641440691e+01
2.367539558987025927e+01
2.254362215254499802e+01
2.261474251798691526e+01
2.408021876227989466e+01
2.204251632895056545e+01
2.145056002158225894e+01
2.283578720856298006e+01
2.239878627144189593e+01
2.067294136233888224e+01
2.152940089079530139e+01
2.179509330008289325e+01
2.146355439788196762e+01
2.340535194507614847e+01
2.045378073338663327e+01
2.347478885216627020e+01
2.619015734325850531e+01
2.155450656629060546e+01
2.274612665563646274e+01
2.477888028250916364e+01
2.143939752416463662e+01
2.284430812491991247e+01
2.377538840997503300e+01
2.265195656996431950e+01
2.098680330654377357e+01
2.448173947213843249e+01
2.110986280966830364e+01
2.253003350315044884e+01
2.371584564434098752e+01
2.264811640098621481e+01
2.211259909550639335e+01
2.168247096342566849e+01
2.298591459787201785e+01
2.529099071076636207e+01
2.468514589593448250e+01
2.298231475921318179e+01
2.107470374007063540e+01
2.354034304303549519e+01
2.097851213487142630e+01
2.369632725633610448e+01
2.152129878550084285e+01
2.086767446576364549e+01
2.173166522179325355e+01
2.130968976420906813e+01
2.150773739873774559e+01
2.188730884838440005e+01
2.320830069209130997e+01
2.485779086468797772e+01
2.078201920727740060e+01
2.055029881557960891e+01
2.457088191313571457e+01
2.114956784327493011e+01
2.478575590055035605e+01
2.225005475571287050e+01
2.159867232330373454e+01
2.295527156516766354e+01
2.173735082629771398e+01
2.115791769505490549e+01
2.747498508100535730e+01
2.166628308608855846e+01
2.294871862753377556e+01
1.974530500456720006e+01
2.291376318018864566e+01
2.059143516496663651e+01
2.139259496652107728e+01
2.050503240308684738e+01
2.311451111269014902e+01
2.169829366772063750e+01
2.204419065873696226e+01
2.407540598121709863e+01
2.270690868224997416e+01
2.132518810460631897e+01
2.316120536655240159e+01
2.412926761668973441e+01
2.403057217077281749e+01
2.475156433232769260e+01
2.640696713605719381e+01
2.128952216510398543e+01
2.514068685392071956e+01
2.382985265601431735e+01
2.333622294244021234e+01
2.419807561172623167e+01
2.155670171580613470e+01
2.156062358874674345e+01
2.170520466610216914e+01
2.251466741973025876e+01
2.311835462630110172e+01
2.238466416539785087e+01
2.029685074172747150e+01
2.212393406290753362e+01
2.459338324310555990e+01
2.124730419064126963e+01
2.202861347017744720e+01
2.196939080701071489e+01
2.452363116195055781e+01
2.314843979871682222e+01
2.144071739455204906e+01
2.480889133861375839e+01
2.116338795949108231e+01
2.171060776082899935e+01
2.249706429364135829e+01
2.373981521230086855e+01
2.346482460136131110e+01
2.341112982004144527e+01
2.395499086780825593e+01
2.159398737396326595e+01
2.188764686410317140e+01
2.510773346507674830e+01
2.262130112388287273e+01
2.533013098045757161e+01
2.146014960993085197e+01
2.225446020911539691e+01
2.663478667665079413e+01
2.711874213136465173e+01
2.143831490841784060e+01
2.243688328364842377e+01
2.263209891697086107e+01
2.466616098300534432e+01
2.197302968055794992e+01
2.147014227479940729e+01
1.973969433176164401e+01
2.340167179414194365e+01
2.474620549279740800e+01
2.526093117714908587e+01
2.091280115209936241e+01
2.110470841013475507e+01
2.413242105249936742e+01
2.433367765684105066e+01
2.046816727673092373e+01
2.407381527210242567e+01
2.147170207738978931e+01
1.998017492677738005e+01
2.325668283749042331e+01
2.472442953271126598e+01
2.338330770121387303e+01
2.289794448269179128e+01
2.098521294986903030e+01
2.192482864751160676e+01
2.037186197866624937e+01
2.070703367907191961e+01
2.053268488858423879e+01
2.252421638082740074e+01
2.455080251200743291e+01
2.255179585720619073e+01
2.410009691362987994e+01
2.328590670903681570e+01
2.342048516876949549e+01
2.611184865758361084e+01
2.069133698683238620e+01
2.241520089645418778e+01
2.145074069274027906e+01
2.346950939887227250e+01
2.149753072111497332e+01
2.282741969294936979e+01
2.453702999596907119e+01
2.272530783334762461e+01
2.165577793819248953e+01
2.330250068986053336e+01
2.376260625944127725e+01
2.331663197615468164e+01
2.468005080220944336e+01
2.356346215579977965e+01
2.271614350564632545e+01
2.397321648901284519e+01
2.104621379460435904e+01
2.063208317910292422e+01
2.314320729581130465e+01
2.049871771426118983e+01
2.273872780570080110e+01
2.289341675672010368e+01
2.489850819137931737e+01
2.391324554172076944e+01
2.776569861051775234e+01
2.167334670996545043e+01
2.282257047886514556e+01
1.953629104553067819e+01
2.433914128740525840e+01
2.678739751655973578e+01
2.513644392592429710e+01
2.383975242648623905e+01
2.245337360934625437e+01
2.193241559772192417e+01
2.195748509470462650e+01
2.254832428596998994e+01
2.285166625479001823e+01
2.148748280723710025e+01
2.385607592010295619e+01
1.985490992294319312e+01
2.145662802891295939e+01
2.442346377599846363e+01
2.119070068133367712e+01
2.262908536481438304e+01
2.079150152029159315e+01
2.318876185664046119e+01
2.481154921972110117e+01
1.930426084442471435e+01
2.504146474943338774e+01
2.177811044186539746e+01
2.516137844700246973e+01
2.008275240299654030e+01
2.168736878075225860e+01
2.085258101042875012e+01
2.247801339973083756e+01
2.103252862469077300e+01
2.243759749681065330e+01
2.594093352995713531e+01
2.009170749490742836e+01
2.279665392263224888e+01
2.176443883017216763e+01
1.900450237087774497e+01
2.205360929424660910e+01
2.527823312570008341e+01
2.303982019217244215e+01
2.264712731358940090e+01
2.212645485530988410e+01
2.188970990793167459e+01
2.121979370762124262e+01
2.480480115818013331e+01
2.052010022888150331e+01
2.066477994985892863e+01
2.085183909309281347e+01
2.130823282127725449e+01
2.448270225497293850e+01
2.281800892242144130e+01
2.460191499904127710e+01
2.291585453664101735e+01
2.486137944844314518e+01
2.365660001695137993e+01
2.350509955760165326e+01
2.259293787245873020e+01
1.827806244843402794e+01
2.352951714990570409e+01
2.229411425023386428e+01
2.263331600049027159e+01
1.880619428384654057e+01
2.374851889407696248e+01
2.309216666715757782e+01
2.412653666420848353e+01
2.392948598712754915e+01
2.130931221238905593e+01
2.168061074053954229e+01
2.131645997503758494e+01
2.397804724453488134e+01
2.093195257208390458e+01
2.442324810476413077e+01
2.183163737011413374e+01
2.380997385807038214e+01
2.267387845719303385e+01
2.306537212956654059e+01
2.496434468473692547e+01
2.197374699227621520e+01
2.642834224104752039e+01
2.218823092749434522e+01
2.067502308850454185e+01
2.410279951570830903e+01
2.155602625095031755e+01
2.445391632153734207e+01
2.589779006172121001e+01
2.358667144165966079e+01
2.124103718872175506e+01
2.665270713589106677e+01
2.193774714449072860e+01
2.284941141494831740e+01
2.043928118473055022e+01
2.261908446550318885e+01
2.380814245322877909e+01
2.280798773569609139e+01
2.273328587554795632e+01
2.586896754634241091e+01
2.217369546421709003e+01
2.458957006280312640e+01
2.477552705699750035e+01
2.130193990393810566e+01
2.385044409863654735e+01
2.314330829839069281e+01
2.266408664872986023e+01
2.654058728478210227e+01
2.408720260438347083e+01
2.397892612658744227e+01
2.035197484777432209e+01
2.086968760207172480e+01
2.193597296845074496e+01
2.231690781020535397e+01
2.572199470052224513e+01
2.341827140359297488e+01
2.212651050551153631e+01
2.138186843009097515e+01
2.229219606476091187e+01
2.329014159254716532e+01
2.213454472855077881e+01
2.225185933429189333e+01
2.155032379705168211e+01
2.192538801210288568e+01
2.106552995857803623e+01
2.282005072273948088e+01
2.375724025129248318e+01
1.894499198077950552e+01
2.104145674454698067e+01
2.019926995880073761e+01
2.514042133946816193e+01
2.064148341540235876e+01
2.343260032854494668e+01
2.133354046932725367e+01
2.180431947548206040e+01
2.381648547134969007e+01
2.429993955118872861e+01
2.374343509867650326e+01
2.011167500820497267e+01
2.293417713125206703e+01
2.654972490282782260e+01
2.325759030616710632e+01
2.395031099347549031e+01
2.373091419933173540e+01
2.157867923935603471e+01
2.199377145954269608e+01
2.367194193564843374e+01
1.898307416522245816e+01
2.438956053034470983e+01
2.406378523373341949e+01
2.347892438822155015e+01
2.303921965092952107e+01
2.257719694804573862e+01
2.269037822547672434e+01
2.270176374368444527e+01
2.371916972314048877e+01
2.110001134510675413e+01
2.195012915544951326e+01
2.356528018211816544e+01
2.275657092066657583e+01
2.444157560731519396e+01
2.115429893809454143e+01
2.205365922078568630e+01
2.192538666599925179e+01
2.483399739450739574e+01
2.013732307681314282e+01
2.241258457952913830e+01
1.977450208973149159e+01
2.537982686193189252e+01
2.238718489821726365e+01
2.424171900620968856e+01
2.420339614902060887e+01
2.037867601129758199e+01
2.009041752542874804e+01
2.244755916802372653e+01
2.326133600559640868e+01
2.085919075083359431e+01
2.317114461170609729e+01
2.257826941887494598e+01
2.514424107860844515e+01
2.232999295758575187e+01
2.324996799041965190e+01
2.408880146791583954e+01
2.198327057808731766e+01
2.410014819695139465e+01
2.476144606835399742e+01
2.440221790186751960e+01
2.352277726222997245e+01
2.444291885222687455e+01
1.872498862934401842e+01
2.247850824204662601e+01
2.303579935008437829e+01
2.390851187064037475e+01
2.322625561730474075e+01
2.218298995588787648e+01
2.353570188400919605e+01
2.471884785669312024e+01
2.709145875617550203e+01
2.125640689749018364e+01
2.171127650282489796e+01
2.146565136571450694e+01
2.191086825859631304e+01
2.108912321386724997e+01
2.105096882971009720e+01
2.147262327492971679e+01
2.556814999715163239e+01
2.321481360210218270e+01
2.229736622887198649e+01
2.252086082031345526e+01
2.359032148242879856e+01
2.317146577395512708e+01
2.347450521112482846e+01
2.283104899580977687e+01
2.357671871146703424e+01
2.262094078597302271e+01
2.401726761514227704e+01
2.344673662404470704e+01
2.280917683352540593e+01
2.412996570600462221e+01
2.188527189256523187e+01
2.169158577614766514e+01
2.212480639764527268e+01
2.358876270386980778e+01
2.253940037834456334e+01
2.062973586521844283e+01
2.313100225557428402e+01
2.535359020866355806e+01
2.263329405559981211e+01
2.107889953190294463e+01
2.422348404709595471e+01
2.469412504294117028e+01
2.272441217490122156e+01
2.036500568065452299e+01
2.170540938756375127e+01
2.349571125578674824e+01
2.103946925453591632e+01
2.360927059243327975e+01
2.129264401071835167e+01
2.120308720861168084e+01
2.150594099648610324e+01
2.390205972290864622e+01
2.368082436774412614e+01
2.214867944144904399e+01
2.514995966386499049e+01
2.259691268465238423e+01
2.332442190142784000e+01
2.444188519814657923e+01
2.329833522930494638e+01
2.053940419748520085e+01
2.272145181142360570e+01
2.208934458430202241e+01
2.184581323397457453e+01
2.193609089448108662e+01
2.322899769568854111e+01
2.304310323001920935e+01
2.215035079728018985e+01
2.654528149466984743e+01
2.071849683902484784e+01
2.390557235427064242e+01
2.361764493886355609e+01
2.129518243930500176e+01
2.596510190312121935e+01
2.213615821174622766e+01
2.356331150963688970e+01
2.039240802812232189e+01
2.363105728704316633e+01
2.046972400240431256e+01
2.162772878152926737e+01
2.149919825113481053e+01
2.401772409687155019e+01
2.123718660474146702e+01
1.975857273317837937e+01
2.254681514355560523e+01
2.457913930561607785e+01
2.331970066024020127e+01
2.344510341576540213e+01
2.229346615099352036e+01
2.203677384358080005e+01
2.354490710096129291e+01
2.229512569111293274e+01
2.288181940901768741e+01
2.456606975742394638e+01
2.104947561338590489e+01
2.109677529466110002e+01
2.135417195048393424e+01
2.357067009318620876e+01
2.053570050337662778e+01
2.323808975081577444e+01
2.117565406818983575e+01
2.565904055241544057e+01
2.497102511206784214e+01
2.158608045588144364e+01
2.210479315458194449e+01
2.309780732878634169e+01
2.324709090309339388e+01
2.229328357742303979e+01
2.343395321958263722e+01
2.255403645493334963e+01
2.353464094472958834e+01
2.242587554168271069e+01
2.254088342376684295e+01
2.280077710851695016e+01
2.662930904026225321e+01
2.508454979053880862e+01
2.338524776589609999e+01
1.974819469475367839e+01
2.328741129299871204e+01
2.062149262139621086e+01
2.627616470247818725e+01
2.141717079560707404e+01
2.455437898326107771e+01
2.128576875955000602e+01
2.465353894855029537e+01
2.154341199037635946e+01
2.202306737219796062e+01
2.159048069891355581e+01
2.112165118658445451e+01
2.405629245944311023e+01
2.633246027956684898e+01
2.317471938505393680e+01
2.479803862751293408e+01
2.133256626090795294e+01
2.171242386768414434e+01
2.128790522786657036e+01
2.176978936144445242e+01
2.076557440305731461e+01
2.251008432427428829e+01
