2.467050930941929821e+01
2.648304382966130177e+01
2.408584436728062883e+01
2.490561118217987513e+01
2.092195535156970720e+01
2.308834613693471738e+01
2.295213936397578536e+01
2.554147732471947307e+01
2.294860138024059992e+01
2.047218069637106197e+01
2.240389314275887145e+01
2.372645449640509341e+01
2.494981893071969026e+01
2.368067283315004445e+01
2.343101430982390454e+01
2.113285288595229261e+01
2.318653342384566685e+01
2.661883965039382360e+01
2.388293816697567351e+01
2.246235161302115557e+01
2.077260268482989858e+01
2.334304825517154569e+01
2.540387011727264266e+01
2.169045828373207740e+01
2.100939352443853281e+01
2.083328692017305883e+01
2.338644752562710494e+01
2.506781580404383547e+01
2.550729802674923619e+01
2.363213566630704321e+01
2.423775355416780997e+01
2.300058457008035617e+01
2.218685912488793477e+01
2.287330618928768544e+01
2.395305111517601659e+01
2.093261853039267706e+01
2.408138792421294738e+01
2.317632184039580423e+01
2.415955233076982722e+01
2.342367116703914220e+01
2.073844689226660520e+01
2.391104287990088295e+01
2.431375266606569241e+01
2.423118864109657267e+01
2.458263400626929140e+01
2.324979250045205603e+01
2.442786369210980979e+01
2.203966727220957011e+01
2.492018132420230003e+01
2.010146922245531442e+01
2.270421222293815333e+01
2.350418541128456695e+01
2.352098982636013957e+01
2.103381802731564321e+01
2.092601127276023121e+01
2.182449634690058815e+01
2.254003143709824997e+01
2.547389109662437789e+01
2.369401953966049490e+01
2.190833395867327127e+01
2.492772293041262088e+01
2.273121824321250628e+01
2.278247906728435268e+01
2.027410730794559157e+01
2.460111313554434886e+01
2.009873283876009609e+01
2.460989210204261113e+01
2.202518908046623380e+01
2.134190864725558257e+01
2.131321882789912792e+01
2.145607918645413648e+01
2.375153577364233470e+01
2.106721032014127815e+01
2.187331622697869449e+01
2.375709541776051381e+01
2.074774583811944595e+01
2.196578736078972227e+01
2.525251930937820077e+01
2.298188700342659985e+01
2.290675253659432897e+01
2.421068834163057559e+01
2.352104160272782352e+01
2.027176593869235433e+01
2.458101159487250698e+01
2.420691322494201358e+01
2.200711076324241589e+01
2.168730959167893246e+01
2.235115698186891109e+01
1.932998874140879053e+01
2.141529141328813779e+01
2.330704160357580079e+01
2.137275912721053572e+01
2.250764299832663795e+01
2.359722639368878916e+01
1.941645164570142157e+01
2.349968598423800969e+01
2.235338609314944236e+01
2.342328496353949063e+01
2.156689631059992607e+01
2.225727988031428239e+01
2.110273950245161600e+01
2.482752573124772866e+01
1.927317221841043704e+01
2.506792511692841430e+01
2.062323795093597312e+01
1.739747362714462042e+01
1.912951795424891799e+01
2.411628160776422547e+01
2.065230789303305414e+01
2.555750930069005378e+01
2.369218848401992261e+01
2.333864206674486752e+01
2.160232404909890036e+01
2.079101812770987934e+01
2.205473736085124159e+01
2.363060924660806705e+01
2.314882146263128959e+01
2.327988718191917883e+01
2.223429400191605154e+01
2.516227543827863045e+01
2.393059989418361155e+01
1.988428110857424969e+01
2.149878620197198487e+01
2.173428903435918613e+01
2.204029675381258357e+01
2.791992357131614710e+01
2.133183219195086977e+01
2.254003297249848359e+01
2.533125371465407483e+01
2.120635590505417412e+01
2.227532170546918522e+01
2.084990388504022008e+01
2.063783025949849659e+01
2.305011095324976722e+01
2.393246326712479188e+01
2.320258856486796972e+01
2.293381807609787870e+01
2.075381198982793762e+01
2.175094316390587679e+01
2.331765318990816382e+01
2.279194518121274982e+01
2.172648504838562644e+01
2.180328625466154691e+01
2.045098946386517014e+01
2.173997629550898836e+01
2.176442784215981874e+01
2.287659475933999076e+01
2.192314908048681943e+01
2.353164068787735630e+01
2.247665402882086028e+01
2.574511122122189377e+01
2.307762746173450807e+01
2.172139276386126028e+01
2.230554099341030394e+01
2.241885570569000663e+01
2.493297049913245189e+01
2.209314942916527258e+01
2.366960083479404986e+01
2.507699439074528414e+01
2.289779415052421641e+01
2.724594833866395049e+01
2.486655467283743093e+01
2.166884196234523330e+01
2.160763271246368333e+01
2.027778602152421783e+01
2.449827929015451744e+01
2.050001664161909076e+01
2.164252634345635684e+01
2.260257165157755921e+01
2.233978161262634643e+01
2.182631457819309517e+01
2.020895326682626703e+01
2.496777279922021719e+01
2.152193680163082945e+01
2.279763240907761102e+01
2.423875148611455899e+01
2.199220494096996958e+01
2.618892685581846536e+01
2.303912198757071295e+01
2.291417592957951044e+01
2.204165688247822885e+01
2.259977396595605370e+01
2.244565723896550935e+01
2.178535614741248594e+01
1.935406247881288877e+01
2.080621696576003288e+01
2.224602086784092947e+01
2.264330759593459774e+01
2.488816808054104257e+01
2.398883694983600989e+01
2.202033846142747819e+01
2.457348758506816466e+01
2.244081073883404187e+01
2.537975284261475650e+01
2.325262284369577515e+01
2.183395347337946291e+01
2.284105582072822926e+01
2.530193236926243472e+01
2.252882652981574907e+01
2.410963976459466451e+01
2.465022352665768324e+01
2.563247240474404265e+01
2.142842383159704056e+01
2.192853941212309721e+01
2.543878335771845300e+01
2.371871720720406174e+01
2.426325947830780905e+01
2.511067483136311651e+01
2.277858112636200261e+01
2.079060272703489431e+01
2.049867583710571850e+01
2.514845358051366020e+01
2.285725001487832131e+01
2.260193864724826796e+01
2.103791947921855510e+01
2.311694040433940600e+01
2.379595229836420245e+01
2.518789171176977604e+01
2.360016663660123371e+01
2.464570842388528860e+01
2.197790178020080631e+01
2.264531456888484584e+01
2.258281323875789326e+01
2.164457490013436214e+01
2.173607856953469764e+01
2.193608536006632548e+01
2.221511866167054094e+01
2.068361976918104261e+01
2.141856461401814826e+01
2.297089150236797650e+01
2.154263481877000785e+01
2.273447410441572814e+01
2.449283816841490591e+01
2.345545359312611922e+01
2.132925606339358282e+01
2.230980208429265232e+01
2.143413176003485177e+01
2.211246143870473091e+01
2.473863827841827856e+01
2.200230148289221077e+01
2.465524383250959772e+01
2.280410530641024280e+01
2.114033327896845549e+01
2.192781080066552590e+01
2.619904977623311026e+01
2.306443628834091086e+01
2.116169010524946970e+01
2.165566062454134411e+01
2.196046064570883516e+01
2.040034906958521432e+01
2.297154884565041399e+01
2.428698691934587117e+01
2.177722694318381969e+01
2.045995934105490122e+01
2.257804397202411195e+01
2.533020897957009865e+01
2.292177945339660639e+01
2.342877327430540646e+01
2.119296890027714753e+01
2.296101780684402982e+01
2.032857203755470721e+01
2.280052664978099131e+01
2.376276672672928214e+01
2.324747329496120329e+01
2.260137376732419412e+01
2.087953737738614990e+01
2.167835277208900990e+01
2.151643500829311151e+01
2.347257200174674097e+01
2.168692057556148001e+01
2.229262704418633945e+01
2.234478179982286505e+01
2.472515364542474003e+01
1.920929237233539411e+01
2.329633536110873138e+01
2.233311108876790385e+01
2.186932843296858664e+01
2.227908054973742935e+01
2.162639281775380340e+01
2.229299461457573273e+01
2.553869573799336479e+01
2.363747135271433208e+01
2.258630655225770312e+01
2.435012130540246034e+01
2.214753157465118605e+01
2.365885457606166753e+01
2.374253829791053150e+01
2.329102012128960908e+01
2.304883792625016525e+01
2.680472357896855584e+01
2.282366023273701217e+01
2.319946409825503153e+01
2.660473615665823743e+01
2.167718658686085931e+01
2.522351060665512179e+01
2.235829690230112021e+01
2.151925139151139987e+01
2.423397185862288339e+01
2.465005459016947853e+01
2.354653758165805044e+01
2.324182776188012767e+01
2.142659934037798664e+01
2.142799340770510952e+01
1.977078054146368302e+01
2.441568720644282209e+01
2.154969671662822961e+01
2.246818826422137150e+01
2.766584400883849071e+01
2.126273710747610224e+01
1.873737651469166110e+01
1.937689602778409181e+01
2.194519030579428076e+01
2.482443791831109081e+01
2.187043968543359185e+01
2.313179725491758987e+01
2.329251668310032031e+01
2.675582906224637725e+01
2.484515848206110178e+01
2.202063220223845263e+01
1.717627088513069111e+01
2.671995649643134385e+01
2.642578806579280482e+01
2.441372719825079329e+01
2.383146955017538460e+01
2.134546823891541933e+01
2.150556840007122261e+01
2.128518332592248896e+01
2.414232777256049900e+01
2.182063128919171291e+01
2.103134848825730074e+01
2.311112087678143823e+01
1.942678236934642300e+01
2.418106033034364444e+01
2.043795521059175613e+01
2.510052811410863072e+01
2.535139525715738174e+01
2.620467133909306057e+01
2.393302289331450794e+01
2.484140087487488202e+01
2.271194397827519396e+01
2.399296726800692880e+01
2.455339940968685397e+01
2.063123073202651625e+01
2.408510280369767642e+01
2.402347322837644938e+01
2.070875365290547165e+01
2.380080518973550241e+01
2.106239618437904682e+01
2.269252340053409611e+01
2.281225441072492899e+01
2.345694448708134772e+01
2.382585814535164559e+01
2.534000134887152100e+01
2.347019528263415822e+01
2.095372471047125984e+01
2.223353681804339033e+01
2.430617368490958796e+01
2.404724963718683028e+01
1.998651070138051367e+01
2.404852741720024767e+01
2.514669505298830643e+01
2.254782943129999850e+01
1.818829267128177207e+01
2.440202790461021820e+01
2.417871250787748849e+01
2.338380809212722866e+01
2.502158005342970881e+01
2.291070356311787393e+01
2.014966835663257072e+01
2.230219317102549326e+01
2.070534719262036916e+01
2.650101955539007648e+01
2.242811019548182117e+01
2.109882156428434996e+01
2.206200164413539611e+01
2.172102599659279321e+01
1.977403377729193323e+01
2.091197784251061265e+01
2.231374589022356503e+01
2.400133212421450324e+01
1.956722639350215687e+01
2.473168385968586591e+01
2.553528926609746108e+01
2.307519533734631167e+01
2.308200066736079847e+01
1.978377413840002319e+01
2.490494656687468122e+01
2.470263638686032692e+01
2.301781685040816328e+01
2.216989415471402936e+01
2.558513244066357828e+01
2.083012076908677912e+01
2.344886047952224217e+01
2.491770363643227881e+01
2.430914390011598414e+01
2.292210724255217258e+01
2.186900190681685885e+01
2.300811620825137993e+01
2.003706002288770094e+01
2.338723505300091432e+01
2.589733990943001984e+01
2.207870326487937973e+01
2.205141144937061881e+01
2.129631847454268723e+01
2.199215490112387528e+01
2.244450120913823810e+01
2.233206349776457955e+01
2.369768581232359850e+01
2.126588273703867316e+01
2.006433166786639077e+01
2.231711427257914337e+01
2.250086916376991297e+01
2.318240052778494587e+01
2.249144534358136482e+01
2.216945181116840402e+01
2.110717891514332578e+01
2.122714984043216546e+01
2.265124422389589753e+01
2.329767673628008851e+01
2.412565101199706774e+01
2.530458256485334800e+01
2.157172950045021764e+01
2.021224674937129251e+01
2.154078516520603870e+01
2.369257634014680391e+01
2.016141951622330808e+01
2.041420439887348337e+01
2.247986827649713248e+01
2.168941268514136667e+01
2.592555490453019118e+01
2.126875274948024241e+01
2.266071153440667274e+01
2.580088267816144310e+01
2.464179939032246125e+01
2.171363479794703366e+01
2.269832036877844317e+01
2.132453974824653287e+01
2.400350039000450408e+01
2.048286515472241121e+01
2.077361515283103799e+01
2.300328051793420769e+01
2.165026293023304760e+01
2.140564205290647593e+01
2.082257339748709413e+01
2.280178599260004901e+01
2.379871094517523034e+01
2.634383251786574220e+01
2.096908268665005437e+01
2.156298304881259753e+01
2.117233926403442723e+01
2.584511662467904358e+01
2.547744528420590981e+01
2.410506892503597243e+01
2.205459100448909737e+01
2.192773081088237674e+01
2.319556253783327904e+01
2.238095294910153399e+01
2.279285159992182841e+01
2.193754675494392004e+01
2.027594894579150875e+01
2.258881868309676122e+01
2.107326758590188476e+01
2.399258591924384021e+01
2.484636097578373537e+01
2.437763787907477209e+01
2.244763043905843958e+01
2.178839081729303118e+01
2.508399752743970978e+01
2.266940071450027361e+01
2.534767176758309049e+01
2.179058372872379579e+01
2.433684027238571446e+01
2.248603895143529385e+01
2.590556436599208823e+01
2.719689173554773376e+01
2.235745839539487889e+01
2.460657285043902931e+01
2.540537739574336129e+01
2.248252965119257496e+01
2.190925746262970009e+01
2.268960275440145935e+01
2.352890538265236486e+01
2.111963422822635650e+01
2.347798602107607024e+01
2.339832458870153786e+01
2.238738278006802673e+01
1.861642491392477083e+01
2.461657517377543059e+01
2.520107866400247332e+01
2.080590274336748990e+01
2.272603781484363594e+01
2.405872723155508197e+01
2.243167626759538180e+01
2.469868329320265943e+01
2.259781515373970251e+01
1.891001831637833774e+01
2.482015988546040575e+01
2.360809728514307437e+01
2.306916930394026721e+01
2.013884833833956733e+01
2.248534738137322009e+01
2.258384855648711564e+01
2.090306935090099927e+01
2.343176783053687728e+01
2.404841046077509503e+01
2.367740674844363014e+01
2.253663665565638397e+01
2.261055275971542500e+01
2.407904472356950620e+01
2.204242856197306111e+01
2.144116485083980450e+01
2.284370602063815525e+01
2.239500431891947585e+01
2.064226988109433236e+01
2.151208178214938727e+01
2.178917496975043733e+01
2.144791867889560777e+01
2.339843464187961786e+01
2.043598570066570019e+01
2.349220661745715333e+01
2.620137785149186627e+01
2.152839904497838930e+01
2.273840304074438734e+01
2.477812066868535368e+01
2.141443358749221559e+01
2.283590768165169749e+01
2.377459172012485311e+01
2.265475371028513507e+01
2.098878502315142924e+01
2.446941589672706741e+01
2.109937126730370949e+01
2.255000301924101436e+01
2.371903769908561443e+01
2.266424937318499033e+01
2.211998600371243739e+01
2.166062522819751379e+01
2.297985733795695396e+01
2.530455730235136258e+01
2.469117642978021721e+01
2.297852029346063318e+01
2.107821939685040036e+01
2.353765227578193020e+01
2.096840785844903365e+01
2.370193521444405604e+01
2.151992410466219496e+01
2.085205228828411350e+01
2.173625098295144298e+01
2.131276744882000784e+01
2.149079661601245306e+01
2.188291744088361668e+01
2.320468237278733525e+01
2.486459466227734083e+01
2.078405031973680650e+01
2.055256136480417339e+01
2.460093520660554489e+01
2.112245912001214521e+01
2.480232706013854482e+01
2.224505019335569500e+01
2.159804329793621847e+01
2.295510876843357195e+01
2.174170904523795400e+01
2.114949243743600960e+01
2.747508788519822787e+01
2.167012648307070322e+01
2.292401272202350526e+01
1.973366464767831019e+01
2.291473201050252229e+01
2.060622634884157023e+01
2.139873291560688884e+01
2.049970310189805645e+01
2.311492999946231564e+01
2.169692790320411291e+01
2.202805846135018442e+01
2.407123819055862768e+01
2.270419363189569495e+01
2.132448451732509298e+01
2.314706024270176954e+01
2.411080569921821493e+01
2.404627730533832164e+01
2.474162898814767431e+01
2.643355274105062946e+01
2.128841744619983700e+01
2.514971786990639302e+01
2.382688942576432467e+01
2.332826292693805925e+01
2.419265104696772539e+01
2.156311551973189466e+01
2.156439179464349110e+01
2.168373511399931175e+01
2.252320412663940630e+01
2.312152950300676224e+01
2.237622864629371833e+01
2.028913387247814626e+01
2.213139165594066426e+01
2.459826020602623586e+01
2.124456651431484033e+01
2.202259296714768055e+01
2.194508174097628483e+01
2.453045971517053303e+01
2.313417669147423439e+01
2.142938087271280168e+01
2.482578579373205940e+01
2.115578877756982124e+01
2.171691272022870223e+01
2.248695820640979193e+01
2.374688258545126018e+01
2.345439251682407544e+01
2.338655302500773203e+01
2.396180278423980070e+01
2.159417845587052653e+01
2.187553528638751388e+01
2.507146963210491108e+01
2.261383365026356529e+01
2.532646971290402504e+01
2.145912245194967483e+01
2.224507799310540435e+01
2.663872790691750581e+01
2.713028238636577072e+01
2.144496065417468600e+01
2.241595738585264996e+01
2.264319060570690567e+01
2.468427893122442995e+01
2.197371611735630736e+01
2.146361210119970764e+01
1.974716254035702434e+01
2.341176275876889434e+01
2.471951608269187517e+01
2.524942281059495031e+01
2.091799662985968666e+01
2.110991258227958411e+01
2.413214798760374080e+01
2.434883429168564106e+01
2.044837016947831643e+01
2.408487445763623214e+01
2.146193226132706044e+01
1.999725938168166905e+01
2.326212005152692086e+01
2.472904074831204468e+01
2.340267124461248471e+01
2.290728170019001197e+01
2.098044284058450515e+01
2.191889978926369764e+01
2.036016286179675916e+01
2.072044379479719467e+01
2.053660476524041911e+01
2.250292510907869215e+01
2.456094532512563333e+01
2.254326882741369431e+01
2.410075874243347016e+01
2.328513758624096397e+01
2.342398530161536385e+01
2.611991983960250252e+01
2.067172138623977062e+01
2.240644060782977576e+01
2.142910332866450673e+01
2.347117420790053188e+01
2.149992525184451964e+01
2.283613696853278796e+01
2.452200690048690035e+01
2.271297973612078280e+01
2.167060698471999558e+01
2.329106236568078714e+01
2.377227962880826340e+01
2.331073432210112628e+01
2.468127985797739399e+01
2.356224549279349034e+01
2.273128567717721538e+01
2.399089542975640299e+01
2.103479853311267078e+01
2.065069110863472801e+01
2.314730708086015909e+01
2.047381927279212732e+01
2.272910776530929766e+01
2.288740583022583763e+01
2.489204603521588055e+01
2.391869578970572974e+01
2.776423752973482806e+01
2.166353157661446716e+01
2.281065501371299220e+01
1.953268631567927827e+01
2.435233331905406828e+01
2.679983553967435128e+01
2.513790738942011771e+01
2.386072966554532826e+01
2.247758871654095358e+01
2.193368507431915759e+01
2.192973511756293092e+01
2.255156957091027081e+01
2.283982800267334312e+01
2.147694592563739846e+01
2.384837926667002606e+01
1.986999647323485618e+01
2.144861192943900363e+01
2.443230026982540437e+01
2.120340270590793352e+01
2.262429892702664702e+01
2.078397918742096451e+01
2.318984051607715813e+01
2.483200113775312801e+01
1.929980906893353065e+01
2.505248473878884141e+01
2.176256606413708639e+01
2.517993906410322325e+01
2.008819131679972259e+01
2.167314084522690010e+01
2.085236690584219943e+01
2.245667950585141881e+01
2.101708026731559542e+01
2.242651978755635866e+01
2.595932411994640532e+01
2.009435718119980407e+01
2.280076309902480247e+01
2.176680597464236300e+01
1.900396948617181181e+01
2.203959868346301221e+01
2.530390862163154608e+01
2.302547201970085311e+01
2.264159897346968719e+01
2.212097700879488116e+01
2.190342060363153465e+01
2.120265353165471822e+01
2.480414532394649640e+01
2.051428804581740550e+01
2.063890476431224741e+01
2.084542660234203026e+01
2.130441453495789261e+01
2.445495823421132897e+01
2.281035266413293172e+01
2.460293725275687038e+01
2.292880513568970002e+01
2.484779824532251880e+01
2.362370575734656342e+01
2.351518927725148700e+01
2.257892889341914255e+01
1.824585665146334534e+01
2.352570248894014071e+01
2.226581055463232417e+01
2.263303120047684658e+01
1.877898272924892353e+01
2.373876664216565402e+01
2.310736040144993098e+01
2.414570885457347060e+01
2.391285633018440038e+01
2.130999585908688232e+01
2.168439716554049568e+01
2.131486240792265718e+01
2.399024957571612404e+01
2.092287314428257261e+01
2.439373285078469067e+01
2.182363543753411506e+01
2.380461641036532683e+01
2.265314914179458583e+01
2.308509753235826523e+01
2.496469769255707760e+01
2.198249529508593625e+01
2.644216170032918711e+01
2.217475909998332639e+01
2.064927587922104379e+01
2.409079139271555547e+01
2.154382172240614679e+01
2.446217471816085975e+01
2.591228207203599609e+01
2.360260366338179239e+01
2.121253969749729862e+01
2.666574940149828166e+01
2.192356398039039433e+01
2.286087633712654821e+01
2.044149149194325332e+01
2.262418857822633811e+01
2.381877280925112217e+01
2.280722769222277435e+01
2.271735078313869849e+01
2.584648044098994646e+01
2.216832122010906758e+01
2.458810696362271386e+01
2.476926009655274186e+01
2.130479573164074125e+01
2.383744279724964343e+01
2.315954260347768567e+01
2.265393865339754598e+01
2.654074372862226738e+01
2.410254629154790251e+01
2.398744372343354314e+01
2.036072510882752695e+01
2.086559695038403817e+01
2.192680023667380951e+01
2.232475762610412673e+01
2.573694950084318123e+01
2.342378915817385732e+01
2.209511863386399000e+01
2.136316040395129079e+01
2.230073952823632055e+01
2.331092263469765058e+01
2.213769839115028049e+01
2.224883672881135510e+01
2.152445483656192238e+01
2.192547148354826803e+01
2.105668288929859955e+01
2.280921258998937518e+01
2.375560206301245003e+01
1.893454672598735655e+01
2.102669479671332198e+01
2.020743414992599796e+01
2.516141549390989596e+01
2.063150833881744006e+01
2.343362412382595750e+01
2.134762435515627033e+01
2.181064813607328645e+01
2.383009835485434635e+01
2.430343061153279294e+01
2.377283878988815502e+01
2.009121964968909069e+01
2.294543308301850359e+01
2.656477408632109771e+01
2.325652741495668252e+01
2.396190119140221597e+01
2.374084438750679382e+01
2.158082852220849190e+01
2.199066493276110279e+01
2.364951309512280631e+01
1.897289799898740270e+01
2.438722103983505107e+01
2.404773783485434180e+01
2.348527528586224378e+01
2.301137491626610654e+01
2.255702037444019936e+01
2.269985309167110898e+01
2.271737132927568226e+01
2.369523198708496636e+01
2.108757090919700161e+01
2.194348809123417610e+01
2.356265917594902959e+01
2.276113241214617489e+01
2.445630573208024927e+01
2.115234318358293208e+01
2.206104811047111625e+01
2.192693969561467426e+01
2.484785064574296598e+01
2.013999491817814302e+01
2.241058196304263106e+01
1.975529504129668013e+01
2.540023526780803920e+01
2.235866975261214407e+01
2.424803725523417341e+01
2.422627006878441236e+01
2.035500028451660626e+01
2.008066156138467662e+01
2.242728325988686677e+01
2.325206955033900513e+01
2.085004945894055339e+01
2.316297773391438497e+01
2.258531925009240027e+01
2.514522310604107247e+01
2.233905903339675447e+01
2.323699086443676975e+01
2.407966994138633865e+01
2.199294033000942861e+01
2.409372311376811382e+01
2.475623820322699231e+01
2.439488962283637008e+01
2.351763318535406810e+01
2.443748120484051256e+01
1.871723588366709379e+01
2.248479191037099767e+01
2.303109211338647455e+01
2.388765715634914955e+01
2.322944657314618766e+01
2.218044656958832661e+01
2.353204777044525997e+01
2.470906838859197308e+01
2.709402179840005331e+01
2.122906865170885737e+01
2.172240453485431644e+01
2.145202148907790374e+01
2.189687933901581829e+01
2.107156610730785928e+01
2.104546985879525067e+01
2.148496507581989690e+01
2.555508644861823342e+01
2.323566146318630032e+01
2.229435911890841382e+01
2.251040791924428675e+01
2.360320271799196945e+01
2.317384276363144835e+01
2.345771935008055209e+01
2.283613408493607011e+01
2.357557349107279165e+01
2.262607245070128670e+01
2.400340392506737786e+01
2.343560386465156498e+01
2.279335628892226140e+01
2.411069213703155967e+01
2.188909585968478311e+01
2.169440686952099639e+01
2.212037521456593936e+01
2.356684324521538088e+01
2.252495828717016124e+01
2.060361249629200486e+01
2.311383192124228358e+01
2.535396082300709253e+01
2.263623835312533572e+01
2.106778677128189514e+01
2.420837115855005450e+01
2.470372980836090093e+01
2.272703798009580822e+01
2.035558320243011110e+01
2.170502998555315344e+01
2.350741835285728953e+01
2.105145212176256209e+01
2.359464691141834436e+01
2.129162176226913417e+01
2.119038021248158188e+01
2.149630478898339803e+01
2.389421194000553683e+01
2.367886193580665832e+01
2.213648055924641156e+01
2.516194010570336914e+01
2.258530304928504862e+01
2.332733593585398069e+01
2.444514796835549220e+01
2.328028124587579484e+01
2.055033166807373846e+01
2.270646688308962169e+01
2.207107718565314514e+01
2.184014647285981070e+01
2.194408488687467340e+01
2.325104757441055270e+01
2.303854875482912590e+01
2.214898087189587628e+01
2.654074677663157189e+01
2.069665654278092504e+01
2.390735521697838806e+01
2.361010439074640388e+01
2.129509854993663254e+01
2.596908627687700388e+01
2.213104807968263543e+01
2.354646440655059436e+01
2.040399810267462755e+01
2.361934404608657090e+01
2.042073447720267509e+01
2.162585390533000762e+01
2.150168268907679092e+01
2.402081359784684622e+01
2.121600831649050534e+01
1.975537199532199750e+01
2.254317152571324456e+01
2.457108678878698527e+01
2.331935579238770018e+01
2.343642037796595901e+01
2.227566154861692382e+01
2.203972899067937874e+01
2.354509975049577974e+01
2.228954389116537627e+01
2.287193405549351155e+01
2.457302019134987603e+01
2.104941332678496124e+01
2.110291443238354248e+01
2.135393904241932717e+01
2.357620289407483583e+01
2.053158635194735382e+01
2.324673907653770399e+01
2.117812445718302783e+01
2.568910645038319274e+01
2.499967754412336873e+01
2.157077786718944168e+01
2.209842470489201105e+01
2.308852051507786385e+01
2.325243261526515681e+01
2.229139725893699620e+01
2.343795375855040675e+01
2.255104263851099589e+01
2.353354738312539851e+01
2.239329523329188731e+01
2.252098553315108731e+01
2.280665622507175883e+01
2.661181742541435824e+01
2.508223671638587859e+01
2.336774853010139807e+01
1.975683732495993539e+01
2.328233927375605461e+01
2.060191645690828111e+01
2.627369383002416114e+01
2.139876335345563163e+01
2.456228676259193833e+01
2.129078715185513815e+01
2.463963371286817505e+01
2.154523206082647846e+01
2.202571664044561217e+01
2.160112298463885239e+01
2.112597234599378027e+01
2.405135843059986200e+01
2.634732571118287581e+01
2.317132429506632363e+01
2.481937740366336342e+01
2.131383085911620157e+01
2.172321074502625393e+01
2.130359106792924706e+01
2.176348653779986364e+01
2.075060047071070102e+01
2.251841377671712507e+01
